0 1
0 2
0 3
1 2
1 3
2 3
2 5
4 5
4 6
4 7
4 9
5 6
5 7
6 7
8 9
8 10
8 11
9 10
9 11
9 13
10 11
12 13
12 14
12 15
13 14
13 15
14 15

0 1
0 2
0 3
1 2
1 3
1 5
2 3
4 5
4 6
4 7
5 6
5 7
6 7
7 10
8 9
8 10
8 11
9 10
9 11
10 11
10 12
12 13
12 14
12 15
13 14
13 15
14 15

0 1
0 2
0 3
1 2
1 3
1 4
2 3
4 5
4 6
4 7
4 10
5 6
5 7
6 7
8 9
8 10
8 11
9 10
9 11
10 11
10 15
12 13
12 14
12 15
13 14
13 15
14 15

0 1
0 2
0 3
1 2
1 3
2 3
3 4
4 5
4 6
4 7
5 6
5 7
6 7
6 10
8 9
8 10
8 11
9 10
9 11
10 11
10 12
12 13
12 14
12 15
13 14
13 15
14 15

0 1
0 2
0 3
1 2
1 3
2 3
2 5
4 5
4 6
4 7
5 6
5 7
6 7
7 11
8 9
8 10
8 11
9 10
9 11
10 11
10 14
12 13
12 14
12 15
13 14
13 15
14 15

0 1
0 2
0 3
0 5
1 2
1 3
2 3
4 5
4 6
4 7
4 8
5 6
5 7
6 7
8 9
8 10
8 11
9 10
9 11
10 11
11 14
12 13
12 14
12 15
13 14
13 15
14 15

0 1
0 2
0 3
0 4
1 2
1 3
2 3
4 5
4 6
4 7
5 6
5 7
6 7
7 10
8 9
8 10
8 11
9 10
9 11
10 11
11 13
12 13
12 14
12 15
13 14
13 15
14 15

0 1
0 2
0 3
1 2
1 3
2 3
2 5
4 5
4 6
4 7
5 6
5 7
5 9
6 7
8 9
8 10
8 11
9 10
9 11
10 11
10 12
12 13
12 14
12 15
13 14
13 15
14 15

0 1
0 2
0 3
1 2
1 3
2 3
2 4
4 5
4 6
4 7
5 6
5 7
5 8
6 7
8 9
8 10
8 11
9 10
9 11
10 11
10 13
12 13
12 14
12 15
13 14
13 15
14 15

0 1
0 2
0 3
0 6
1 2
1 3
2 3
4 5
4 6
4 7
5 6
5 7
5 9
6 7
8 9
8 10
8 11
9 10
9 11
10 11
10 12
12 13
12 14
12 15
13 14
13 15
14 15
