0 1
0 2
0 3
1 2
1 3
1 4
2 3
4 5
4 6
4 7
5 6
5 7
6 7
7 9
8 9
8 10
8 11
9 10
9 11
10 11
10 15
12 13
12 14
12 15
13 14
13 15
14 15
15 16
16 17
16 18
16 19
17 18
17 19
18 19
19 21
20 21
20 22
20 23
21 22
21 23
22 23
23 24
24 25
24 26
24 27
25 26
25 27
26 27
27 29
28 29
28 30
28 31
29 30
29 31
30 31

0 1
0 2
0 3
1 2
1 3
1 4
2 3
4 5
4 6
4 7
5 6
5 7
6 7
6 11
8 9
8 10
8 11
9 10
9 11
10 11
11 14
12 13
12 14
12 15
13 14
13 15
14 15
14 16
16 17
16 18
16 19
17 18
17 19
18 19
18 20
20 21
20 22
20 23
21 22
21 23
22 23
22 26
24 25
24 26
24 27
24 29
25 26
25 27
26 27
28 29
28 30
28 31
29 30
29 31
30 31

0 1
0 2
0 3
0 5
1 2
1 3
2 3
4 5
4 6
4 7
4 11
5 6
5 7
6 7
8 9
8 10
8 11
9 10
9 11
10 11
10 12
12 13
12 14
12 15
12 16
13 14
13 15
14 15
16 17
16 18
16 19
17 18
17 19
18 19
19 23
20 21
20 22
20 23
21 22
21 23
21 26
22 23
24 25
24 26
24 27
25 26
25 27
26 27
27 28
28 29
28 30
28 31
29 30
29 31
30 31

0 1
0 2
0 3
1 2
1 3
2 3
3 7
4 5
4 6
4 7
5 6
5 7
5 11
6 7
8 9
8 10
8 11
9 10
9 11
10 11
11 12
12 13
12 14
12 15
12 17
13 14
13 15
14 15
16 17
16 18
16 19
17 18
17 19
18 19
18 22
20 21
20 22
20 23
21 22
21 23
21 26
22 23
24 25
24 26
24 27
25 26
25 27
25 28
26 27
28 29
28 30
28 31
29 30
29 31
30 31

0 1
0 2
0 3
0 5
1 2
1 3
2 3
4 5
4 6
4 7
5 6
5 7
6 7
6 8
8 9
8 10
8 11
9 10
9 11
10 11
10 15
12 13
12 14
12 15
12 17
13 14
13 15
14 15
16 17
16 18
16 19
17 18
17 19
17 23
18 19
20 21
20 22
20 23
21 22
21 23
22 23
23 24
24 25
24 26
24 27
25 26
25 27
25 29
26 27
28 29
28 30
28 31
29 30
29 31
30 31

0 1
0 2
0 3
0 7
1 2
1 3
2 3
4 5
4 6
4 7
4 10
5 6
5 7
6 7
8 9
8 10
8 11
9 10
9 11
9 14
10 11
12 13
12 14
12 15
12 18
13 14
13 15
14 15
16 17
16 18
16 19
16 23
17 18
17 19
18 19
20 21
20 22
20 23
21 22
21 23
22 23
23 26
24 25
24 26
24 27
25 26
25 27
26 27
27 29
28 29
28 30
28 31
29 30
29 31
30 31

0 1
0 2
0 3
0 6
1 2
1 3
2 3
4 5
4 6
4 7
5 6
5 7
6 7
6 10
8 9
8 10
8 11
9 10
9 11
9 14
10 11
12 13
12 14
12 15
13 14
13 15
14 15
15 16
16 17
16 18
16 19
17 18
17 19
18 19
18 20
20 21
20 22
20 23
21 22
21 23
21 24
22 23
24 25
24 26
24 27
25 26
25 27
25 31
26 27
28 29
28 30
28 31
29 30
29 31
30 31

0 1
0 2
0 3
0 6
1 2
1 3
2 3
4 5
4 6
4 7
5 6
5 7
6 7
6 9
8 9
8 10
8 11
9 10
9 11
10 11
11 15
12 13
12 14
12 15
12 17
13 14
13 15
14 15
16 17
16 18
16 19
17 18
17 19
18 19
18 23
20 21
20 22
20 23
21 22
21 23
22 23
23 26
24 25
24 26
24 27
25 26
25 27
25 28
26 27
28 29
28 30
28 31
29 30
29 31
30 31

0 1
0 2
0 3
1 2
1 3
2 3
2 7
4 5
4 6
4 7
5 6
5 7
5 9
6 7
8 9
8 10
8 11
9 10
9 11
9 15
10 11
12 13
12 14
12 15
13 14
13 15
13 17
14 15
16 17
16 18
16 19
17 18
17 19
18 19
19 20
20 21
20 22
20 23
20 24
21 22
21 23
22 23
24 25
24 26
24 27
25 26
25 27
26 27
26 30
28 29
28 30
28 31
29 30
29 31
30 31

0 1
0 2
0 3
0 5
1 2
1 3
2 3
4 5
4 6
4 7
4 9
5 6
5 7
6 7
8 9
8 10
8 11
8 15
9 10
9 11
10 11
12 13
12 14
12 15
13 14
13 15
13 18
14 15
16 17
16 18
16 19
16 23
17 18
17 19
18 19
20 21
20 22
20 23
21 22
21 23
21 26
22 23
24 25
24 26
24 27
25 26
25 27
26 27
26 28
28 29
28 30
28 31
29 30
29 31
30 31
