0 1
0 2
0 3
1 2
1 3
1 4
2 3
4 5
4 6
4 7
5 6
5 7
6 7
7 9
8 9
8 10
8 11
9 10
9 11
10 11

0 1
0 2
0 3
1 2
1 3
1 4
2 3
4 5
4 6
4 7
5 6
5 7
6 7
6 11
8 9
8 10
8 11
9 10
9 11
10 11

0 1
0 2
0 3
0 5
1 2
1 3
2 3
4 5
4 6
4 7
4 11
5 6
5 7
6 7
8 9
8 10
8 11
9 10
9 11
10 11

0 1
0 2
0 3
1 2
1 3
2 3
3 7
4 5
4 6
4 7
5 6
5 7
5 11
6 7
8 9
8 10
8 11
9 10
9 11
10 11

0 1
0 2
0 3
0 5
1 2
1 3
2 3
4 5
4 6
4 7
5 6
5 7
6 7
6 8
8 9
8 10
8 11
9 10
9 11
10 11

0 1
0 2
0 3
0 7
1 2
1 3
2 3
4 5
4 6
4 7
4 10
5 6
5 7
6 7
8 9
8 10
8 11
9 10
9 11
10 11

0 1
0 2
0 3
0 6
1 2
1 3
2 3
4 5
4 6
4 7
5 6
5 7
6 7
6 10
8 9
8 10
8 11
9 10
9 11
10 11

0 1
0 2
0 3
0 6
1 2
1 3
2 3
4 5
4 6
4 7
5 6
5 7
6 7
6 9
8 9
8 10
8 11
9 10
9 11
10 11

0 1
0 2
0 3
1 2
1 3
2 3
2 7
4 5
4 6
4 7
5 6
5 7
5 9
6 7
8 9
8 10
8 11
9 10
9 11
10 11

0 1
0 2
0 3
0 5
1 2
1 3
2 3
4 5
4 6
4 7
4 9
5 6
5 7
6 7
8 9
8 10
8 11
9 10
9 11
10 11
