0 1
0 2
0 3
0 4
1 2
1 3
2 3
4 5
4 6
4 7
5 6
7 8
7 9
7 10
8 9
10 11
10 12
11 12

0 1
0 2
0 3
0 7
1 2
1 5
1 3
2 4
2 5
2 6
3 4
4 6
7 8
7 9
7 10
8 14
8 9
8 13
9 12
10 11
10 12
10 13
11 13
11 14
12 14
12 13
13 14

0 1
0 2
0 3
1 2
3 4
3 5
3 6
4 5
6 7
6 8
6 9
6 10
7 8
7 9
8 9
10 11
10 12
10 13
11 12
11 13
12 13

0 1
0 2
0 3
0 4
0 5
0 6
0 7
1 6
1 5
1 3
1 4
2 6
2 5
2 3
3 5
3 4
4 6
4 5
7 8
7 9
7 10
8 9
10 11
10 12
10 13
10 14
10 15
11 14
11 15
11 12
12 15
12 14
12 13
13 15
13 14
14 15

0 1
0 2
0 3
0 4
0 7
1 4
1 3
1 5
1 6
2 4
2 6
2 5
2 3
3 4
3 6
4 5
5 6
7 8
7 9
7 10
7 11
8 12
8 9
9 12
9 11
9 10
9 13
10 12
10 11
11 12
11 13
12 13

0 1
0 2
0 3
0 4
0 5
0 7
1 4
1 2
1 6
1 5
2 4
2 6
2 3
2 5
3 6
3 5
4 5
4 6
5 6
7 8
7 9
7 10
8 9
10 11
10 12
10 13
10 14
11 12
11 13
11 14
12 13
12 14
13 14
