0 20
1 8
1 17
2 23
2 4
3 6
4 12
4 16
4 10
5 28
6 28
7 22
9 20
10 30
11 15
13 17
14 19
14 21
15 21
16 28
17 21
18 29
20 29
20 31
21 26
22 23
24 30
24 31
25 27
25 29
26 28

0 31
1 21
1 29
2 8
3 19
3 28
3 11
4 12
5 14
6 30
7 22
7 30
7 25
8 19
9 22
10 16
10 19
11 20
12 17
12 16
13 24
14 23
15 29
15 20
18 27
18 26
20 23
20 26
20 25
24 30
25 31

0 15
0 5
1 16
2 15
3 6
3 22
4 9
4 19
5 23
7 21
7 16
8 24
8 12
10 22
10 27
11 20
11 30
11 27
12 19
12 13
12 29
13 28
14 16
14 23
15 26
16 29
16 27
17 25
17 18
18 31
23 25

0 4
0 3
1 13
2 20
2 21
3 6
3 17
4 18
5 26
5 28
5 31
6 10
7 20
8 21
8 24
9 24
10 22
10 23
11 16
12 30
12 25
13 22
14 29
14 24
15 17
16 19
17 25
17 21
19 28
24 28
27 30

0 10
1 3
2 23
3 16
3 24
3 10
3 19
3 26
4 16
5 19
6 29
7 13
7 21
7 23
8 26
9 12
9 26
9 21
10 17
10 25
11 29
11 30
13 20
14 30
15 28
18 21
19 28
20 22
21 27
23 30
23 31

0 23
0 6
1 25
1 5
1 22
2 12
3 25
4 14
5 19
5 6
5 29
6 7
7 17
8 28
8 10
8 26
9 10
10 16
11 17
12 14
12 25
13 21
13 31
15 31
16 30
18 22
18 30
20 24
20 30
25 27
26 31

0 17
1 16
1 12
2 8
2 29
3 8
4 21
5 13
5 9
6 7
6 25
7 27
8 21
8 12
9 11
9 17
9 31
10 24
14 19
14 25
14 31
15 21
16 18
17 26
18 28
20 22
20 29
20 30
20 24
22 23
24 27

0 15
1 19
1 28
2 12
3 27
4 14
4 5
5 13
5 31
6 11
6 20
7 8
8 30
9 21
9 24
9 16
9 13
10 28
10 23
11 27
12 13
13 20
15 21
16 29
17 30
18 29
19 26
20 22
23 29
24 25
26 30

0 4
1 14
1 5
1 15
2 19
3 13
4 30
4 15
5 26
5 25
6 15
7 29
8 28
9 16
9 11
9 22
9 15
9 31
10 27
10 14
11 18
12 18
13 18
15 29
17 21
18 20
19 20
21 23
21 31
24 25
25 28

0 16
0 8
0 7
0 13
1 9
1 5
1 6
2 21
2 12
3 19
3 11
4 24
5 17
6 12
6 22
6 11
6 25
7 10
7 25
8 28
11 30
13 27
14 19
15 23
15 20
18 25
20 29
20 25
22 24
26 28
27 31
