0 7
0 13
0 10
1 10
1 12
2 12
2 6
2 15
3 11
4 8
4 7
5 6
6 14
9 11
10 11

0 3
1 4
1 13
1 12
1 15
2 3
2 11
4 7
4 5
5 10
6 9
8 14
9 15
10 11
12 14

0 9
0 12
1 8
1 5
2 14
3 4
4 15
5 9
6 12
7 13
9 10
11 12
12 15
13 14
13 15

0 13
1 14
2 7
2 6
3 15
4 7
5 10
6 13
6 14
6 15
7 8
8 9
9 10
10 11
11 12

0 10
1 10
1 14
2 13
2 4
3 9
3 11
3 12
3 7
3 13
4 15
5 6
5 9
7 14
8 12

0 15
1 11
1 4
2 9
2 14
3 6
4 10
4 7
4 6
4 5
5 12
5 15
6 14
7 8
7 13

0 8
0 4
0 7
1 5
1 12
1 14
2 14
2 10
3 10
4 9
6 10
7 11
7 10
10 15
13 14

0 4
0 7
1 13
2 9
3 12
3 6
4 8
4 10
4 13
4 6
5 14
5 6
7 15
9 14
11 14

0 11
1 2
2 5
2 12
3 11
3 13
3 5
4 12
6 7
7 12
7 10
8 10
8 9
9 15
12 14

0 9
0 3
1 2
2 6
2 7
3 4
3 7
3 14
3 11
5 8
7 12
7 13
8 13
10 12
11 15
