0 1
0 2
0 3
0 4
0 5
0 8
0 12
0 13
0 14
0 17
0 27
0 30
0 39
0 45
0 47
0 61
0 64
0 74
0 77
0 85
0 92
0 100
0 102
0 105
0 121
0 127
0 162
0 177
1 3
1 6
1 7
1 9
1 10
1 15
1 16
1 18
1 31
1 49
1 56
1 57
1 63
1 78
1 81
1 94
1 104
1 118
1 123
1 134
1 136
1 152
1 159
1 165
1 166
2 135
3 4
3 5
3 7
3 10
3 11
3 12
3 17
3 20
3 21
3 22
3 24
3 26
3 27
3 31
3 33
3 35
3 37
3 38
3 46
3 50
3 52
3 54
3 55
3 75
3 81
3 84
3 91
3 95
3 96
3 99
3 101
3 105
3 111
3 113
3 114
3 135
3 138
3 146
3 159
3 164
3 172
3 174
4 6
4 19
4 25
4 28
4 41
4 77
4 92
4 102
5 11
5 15
5 16
5 38
5 66
5 88
5 122
5 126
5 133
5 153
5 171
5 176
6 14
6 23
6 34
6 60
6 73
6 80
6 104
6 107
6 126
7 8
7 18
7 21
7 22
7 30
7 33
7 41
7 45
7 49
7 53
7 65
7 71
7 75
7 79
7 97
7 112
7 125
7 139
8 9
8 26
8 29
8 37
8 82
8 101
8 109
8 112
8 142
8 143
8 151
8 161
9 13
9 69
9 87
9 111
10 25
10 28
10 35
10 44
10 58
10 60
10 68
10 72
10 107
10 113
10 115
10 119
10 128
10 166
11 65
12 19
12 59
12 169
13 20
13 29
13 40
13 87
13 173
14 89
14 147
15 53
15 141
17 140
18 55
18 80
19 23
19 40
19 51
19 61
19 67
19 69
19 98
19 103
19 108
20 24
20 52
21 42
21 83
21 86
21 129
21 145
21 151
22 32
22 48
22 82
22 120
22 142
22 143
22 145
23 172
24 43
24 63
24 64
24 79
24 122
24 132
24 149
26 36
26 124
26 130
27 44
27 54
27 76
28 89
28 108
30 32
30 43
30 58
30 115
30 154
30 160
31 48
31 74
31 83
31 95
31 116
31 148
32 34
32 152
33 175
34 36
34 39
34 90
34 137
36 93
37 62
37 86
37 88
37 118
37 163
37 164
38 62
38 157
39 72
39 120
39 132
40 42
40 70
40 110
40 158
40 165
41 46
41 47
41 71
41 123
41 124
43 50
43 51
43 59
43 78
43 98
43 119
43 167
44 70
44 125
45 57
45 131
46 66
46 128
47 175
49 129
49 134
50 127
50 154
52 103
52 150
55 56
55 67
55 68
55 90
57 96
59 73
60 114
61 94
61 174
63 136
64 84
64 140
65 76
65 169
66 116
66 131
67 141
70 85
70 99
74 100
74 106
75 153
75 158
78 139
78 156
82 93
84 91
84 155
85 109
85 146
85 168
86 150
86 155
89 97
94 110
96 147
96 149
97 144
98 106
98 117
100 130
102 148
102 171
104 117
110 121
110 137
111 161
111 162
115 133
116 138
122 156
123 168
128 144
131 163
132 157
135 170
139 177
145 160
158 173
163 167
168 176
169 170
