0 1
0 2
0 3
0 4
0 5
0 6
0 7
0 8
0 9
0 10
0 11
0 12
0 13
0 14
0 15
0 16
0 18
0 19
0 20
0 21
0 23
0 28
0 29
0 30
0 34
0 40
0 42
0 45
0 47
0 48
0 49
0 50
0 55
0 56
0 58
0 60
0 61
0 66
0 71
0 75
0 78
0 86
0 89
0 91
0 92
0 101
0 105
0 107
0 111
0 124
0 126
0 129
0 139
0 142
0 143
0 145
0 147
0 150
0 156
0 173
0 177
0 181
0 183
0 189
0 208
0 212
0 220
0 227
0 228
0 230
0 244
0 246
0 254
0 263
0 270
0 271
0 274
0 284
0 291
0 295
0 296
0 309
0 311
0 331
0 336
0 339
0 340
0 353
0 365
0 376
0 399
0 402
0 405
0 416
0 419
0 423
0 432
0 434
0 436
0 438
0 446
0 456
0 481
0 494
0 497
0 500
0 518
0 519
0 555
1 9
1 10
1 11
1 12
1 13
1 14
1 15
1 17
1 21
1 26
1 28
1 29
1 30
1 31
1 39
1 42
1 43
1 44
1 69
1 71
1 76
1 84
1 90
1 92
1 93
1 94
1 96
1 98
1 112
1 121
1 122
1 138
1 144
1 185
1 189
1 196
1 204
1 229
1 230
1 240
1 261
1 276
1 277
1 278
1 285
1 310
1 327
1 338
1 339
1 357
1 359
1 363
1 374
1 385
1 414
1 428
1 438
1 465
1 474
1 503
1 513
1 517
1 518
2 9
2 10
2 11
2 12
2 13
2 14
2 17
2 18
2 20
2 25
2 27
2 33
2 38
2 40
2 44
2 57
2 67
2 72
2 75
2 101
2 115
2 116
2 122
2 135
2 150
2 160
2 189
2 193
2 197
2 224
2 229
2 232
2 237
2 266
2 279
2 311
2 348
2 349
2 375
2 406
2 418
2 462
2 481
2 507
2 517
2 528
2 536
2 543
2 550
2 558
3 9
3 16
3 24
3 27
3 43
3 86
3 105
3 116
3 171
3 191
3 213
3 224
3 300
3 304
3 320
3 347
3 388
3 416
3 418
3 429
3 495
3 503
3 564
4 9
4 10
4 11
4 13
4 14
4 15
4 16
4 17
4 18
4 20
4 29
4 31
4 32
4 37
4 39
4 40
4 43
4 44
4 45
4 51
4 59
4 63
4 66
4 68
4 71
4 83
4 85
4 92
4 96
4 107
4 110
4 112
4 116
4 120
4 130
4 138
4 151
4 174
4 177
4 185
4 216
4 217
4 230
4 236
4 246
4 251
4 260
4 274
4 283
4 305
4 318
4 327
4 335
4 346
4 399
4 411
4 429
4 454
4 471
4 474
4 476
4 493
4 503
4 518
4 540
4 563
4 564
5 9
5 10
5 12
5 13
5 14
5 15
5 17
5 22
5 25
5 32
5 36
5 42
5 50
5 63
5 80
5 127
5 137
5 166
5 175
5 209
5 249
5 250
5 261
5 287
5 292
5 431
5 448
5 507
5 546
6 9
6 10
6 11
6 12
6 16
6 21
6 22
6 23
6 26
6 31
6 34
6 36
6 41
6 47
6 48
6 49
6 61
6 65
6 70
6 73
6 77
6 79
6 81
6 111
6 127
6 130
6 161
6 188
6 192
6 221
6 232
6 234
6 241
6 242
6 245
6 262
6 268
6 279
6 294
6 303
6 321
6 329
6 373
6 397
6 402
6 455
6 468
6 471
6 479
6 491
6 504
6 523
6 529
6 530
6 541
6 557
6 562
7 12
7 13
7 24
7 36
7 53
7 66
7 168
7 182
7 316
8 9
8 10
8 11
8 22
8 38
8 39
8 43
8 44
8 48
8 54
8 56
8 65
8 75
8 108
8 112
8 113
8 120
8 125
8 134
8 140
8 158
8 170
8 202
8 212
8 219
8 254
8 281
8 316
8 318
8 319
8 330
8 338
8 359
8 374
8 375
8 441
8 469
8 492
8 501
8 506
8 519
8 522
8 533
8 536
8 547
9 10
9 11
9 14
9 15
9 16
9 17
9 18
9 19
9 20
9 21
9 22
9 23
9 26
9 29
9 35
9 37
9 39
9 40
9 43
9 47
9 48
9 50
9 52
9 57
9 67
9 69
9 73
9 82
9 98
9 102
9 109
9 114
9 117
9 122
9 125
9 127
9 128
9 129
9 140
9 141
9 142
9 143
9 147
9 150
9 158
9 169
9 185
9 186
9 191
9 196
9 208
9 215
9 217
9 223
9 228
9 233
9 238
9 251
9 254
9 256
9 275
9 292
9 305
9 321
9 322
9 323
9 333
9 343
9 345
9 348
9 359
9 384
9 392
9 394
9 404
9 411
9 428
9 430
9 447
9 449
9 470
9 473
9 485
9 489
9 502
9 505
9 508
9 512
9 524
9 532
9 534
9 535
9 537
9 545
9 561
9 562
10 11
10 12
10 13
10 14
10 17
10 18
10 19
10 20
10 21
10 22
10 23
10 24
10 28
10 30
10 32
10 33
10 34
10 35
10 41
10 43
10 46
10 47
10 52
10 53
10 57
10 61
10 62
10 64
10 69
10 70
10 73
10 75
10 77
10 78
10 79
10 82
10 90
10 92
10 93
10 99
10 101
10 108
10 111
10 112
10 114
10 124
10 136
10 142
10 145
10 146
10 150
10 153
10 154
10 155
10 156
10 170
10 174
10 176
10 180
10 201
10 202
10 203
10 210
10 228
10 234
10 247
10 249
10 251
10 261
10 264
10 266
10 269
10 273
10 277
10 292
10 293
10 303
10 304
10 310
10 316
10 325
10 333
10 334
10 352
10 355
10 395
10 396
10 417
10 422
10 437
10 445
10 459
10 466
10 468
10 480
10 483
10 491
10 492
10 505
10 521
10 540
10 563
11 12
11 13
11 14
11 18
11 19
11 20
11 23
11 25
11 27
11 31
11 36
11 44
11 59
11 73
11 81
11 84
11 96
11 100
11 101
11 104
11 109
11 112
11 122
11 124
11 131
11 136
11 139
11 144
11 154
11 156
11 158
11 164
11 176
11 186
11 189
11 198
11 204
11 206
11 213
11 223
11 238
11 245
11 248
11 270
11 271
11 272
11 295
11 303
11 323
11 347
11 361
11 377
11 379
11 381
11 384
11 398
11 432
11 444
11 454
11 468
11 481
11 506
11 516
11 533
11 539
11 543
12 15
12 17
12 20
12 23
12 24
12 25
12 26
12 30
12 31
12 38
12 42
12 46
12 54
12 55
12 64
12 71
12 89
12 100
12 117
12 128
12 164
12 165
12 167
12 193
12 200
12 207
12 209
12 215
12 216
12 226
12 236
12 243
12 262
12 275
12 280
12 290
12 291
12 293
12 309
12 330
12 350
12 371
12 401
12 404
12 416
12 429
12 447
12 507
12 534
12 557
13 15
13 16
13 17
13 20
13 21
13 26
13 27
13 28
13 29
13 30
13 35
13 45
13 50
13 51
13 59
13 63
13 64
13 68
13 69
13 70
13 74
13 84
13 93
13 101
13 140
13 157
13 177
13 193
13 196
13 215
13 226
13 245
13 260
13 261
13 270
13 295
13 314
13 339
13 371
13 400
13 405
13 411
13 412
13 424
13 431
13 443
13 528
13 546
14 15
14 16
14 18
14 21
14 22
14 27
14 33
14 37
14 39
14 42
14 48
14 60
14 66
14 71
14 74
14 76
14 80
14 116
14 129
14 148
14 157
14 163
14 179
14 201
14 236
14 237
14 260
14 276
14 302
14 308
14 324
14 363
14 443
14 460
14 470
14 506
14 534
14 547
14 564
15 16
15 19
15 21
15 22
15 23
15 25
15 27
15 28
15 31
15 33
15 37
15 39
15 41
15 43
15 48
15 50
15 51
15 56
15 57
15 60
15 63
15 65
15 69
15 72
15 75
15 81
15 82
15 96
15 97
15 101
15 102
15 103
15 105
15 113
15 114
15 115
15 118
15 119
15 140
15 143
15 148
15 153
15 154
15 159
15 166
15 168
15 169
15 173
15 181
15 188
15 202
15 216
15 219
15 232
15 255
15 258
15 263
15 267
15 276
15 284
15 293
15 303
15 321
15 327
15 330
15 337
15 338
15 355
15 359
15 361
15 365
15 370
15 379
15 381
15 391
15 392
15 393
15 395
15 399
15 412
15 414
15 418
15 419
15 420
15 422
15 423
15 424
15 428
15 434
15 435
15 437
15 445
15 449
15 452
15 455
15 463
15 467
15 477
15 478
15 480
15 522
15 525
15 530
15 536
15 543
15 551
16 18
16 19
16 22
16 24
16 27
16 28
16 30
16 41
16 44
16 45
16 46
16 51
16 53
16 69
16 74
16 82
16 91
16 99
16 109
16 112
16 116
16 133
16 141
16 157
16 158
16 161
16 163
16 171
16 177
16 179
16 180
16 182
16 188
16 192
16 196
16 203
16 205
16 214
16 223
16 225
16 230
16 259
16 263
16 264
16 284
16 285
16 288
16 301
16 302
16 312
16 313
16 328
16 353
16 356
16 360
16 364
16 368
16 382
16 400
16 405
16 414
16 416
16 430
16 431
16 433
16 436
16 438
16 453
16 487
16 501
17 19
17 24
17 25
17 27
17 29
17 33
17 36
17 37
17 46
17 50
17 54
17 67
17 73
17 74
17 81
17 91
17 95
17 113
17 147
17 160
17 218
17 221
17 228
17 229
17 230
17 254
17 264
17 274
17 276
17 315
17 325
17 328
17 330
17 333
17 346
17 409
17 434
17 451
17 467
17 484
17 497
17 510
17 516
17 518
17 524
17 534
17 535
17 558
17 559
18 19
18 34
18 38
18 40
18 54
18 55
18 56
18 60
18 66
18 73
18 78
18 82
18 96
18 150
18 163
18 173
18 195
18 197
18 199
18 205
18 210
18 236
18 248
18 275
18 295
18 298
18 358
18 376
18 392
18 401
18 452
18 459
18 473
18 493
18 527
18 544
19 25
19 34
19 41
19 42
19 46
19 49
19 54
19 55
19 56
19 62
19 66
19 79
19 87
19 92
19 94
19 97
19 100
19 107
19 120
19 121
19 126
19 127
19 134
19 137
19 138
19 139
19 140
19 168
19 170
19 179
19 180
19 198
19 206
19 212
19 220
19 248
19 254
19 283
19 285
19 286
19 302
19 311
19 316
19 317
19 339
19 366
19 371
19 374
19 376
19 385
19 395
19 403
19 429
19 445
19 455
19 458
19 461
19 462
19 477
19 484
19 487
19 515
19 525
19 545
20 24
20 26
20 28
20 34
20 40
20 42
20 44
20 51
20 60
20 61
20 63
20 77
20 79
20 91
20 93
20 124
20 127
20 133
20 142
20 160
20 178
20 190
20 193
20 196
20 199
20 206
20 220
20 235
20 252
20 254
20 283
20 287
20 297
20 307
20 309
20 328
20 329
20 356
20 377
20 425
20 442
20 448
20 475
20 490
20 500
20 506
20 545
21 24
21 26
21 32
21 34
21 47
21 52
21 59
21 73
21 80
21 88
21 95
21 101
21 115
21 126
21 132
21 145
21 172
21 236
21 246
21 293
21 324
21 330
21 367
21 430
21 456
21 460
21 466
21 510
21 532
21 543
21 547
21 548
21 552
22 23
22 31
22 32
22 33
22 35
22 38
22 52
22 58
22 66
22 73
22 78
22 84
22 94
22 106
22 107
22 117
22 125
22 143
22 161
22 164
22 184
22 202
22 208
22 223
22 227
22 231
22 288
22 299
22 306
22 354
22 377
22 387
22 394
22 421
22 436
22 454
22 467
22 475
22 489
22 499
22 526
22 539
22 552
22 554
22 560
23 25
23 26
23 29
23 30
23 32
23 49
23 54
23 57
23 58
23 64
23 78
23 85
23 86
23 87
23 93
23 94
23 95
23 103
23 116
23 118
23 122
23 124
23 138
23 164
23 182
23 200
23 206
23 210
23 220
23 230
23 245
23 264
23 277
23 285
23 290
23 384
23 385
23 426
23 470
24 53
24 62
24 71
24 106
24 126
24 146
24 166
24 186
24 195
24 210
24 219
24 313
24 346
24 391
24 395
24 551
25 29
25 32
25 33
25 37
25 38
25 65
25 84
25 86
25 88
25 121
25 127
25 139
25 148
25 167
25 184
25 224
25 238
25 259
25 261
25 277
25 312
25 313
25 350
25 382
25 395
25 463
25 477
25 483
25 487
25 523
25 524
25 530
26 28
26 33
26 36
26 39
26 44
26 45
26 52
26 62
26 63
26 68
26 72
26 74
26 77
26 82
26 83
26 84
26 85
26 92
26 99
26 109
26 114
26 119
26 121
26 123
26 129
26 153
26 154
26 174
26 200
26 203
26 205
26 221
26 222
26 239
26 241
26 270
26 297
26 312
26 334
26 365
26 384
26 385
26 415
26 430
26 435
26 437
26 447
26 452
26 461
26 469
26 471
26 504
26 512
26 522
26 544
26 545
27 31
27 35
27 41
27 57
27 91
27 103
27 104
27 114
27 124
27 135
27 161
27 171
27 234
27 287
27 294
27 296
27 323
27 411
27 469
27 502
27 514
27 558
27 564
28 35
28 36
28 38
28 46
28 49
28 79
28 88
28 129
28 149
28 150
28 159
28 171
28 180
28 186
28 204
28 233
28 240
28 249
28 258
28 262
28 273
28 274
28 283
28 356
28 366
28 370
28 386
28 420
28 432
28 446
28 453
28 458
28 460
28 468
28 512
28 559
29 30
29 40
29 47
29 49
29 53
29 57
29 63
29 67
29 70
29 72
29 87
29 109
29 122
29 137
29 144
29 152
29 155
29 205
29 207
29 250
29 257
29 259
29 264
29 342
29 345
29 349
29 350
29 376
29 427
29 482
29 499
29 514
29 556
30 35
30 37
30 45
30 77
30 89
30 122
30 128
30 132
30 134
30 169
30 184
30 186
30 188
30 241
30 244
30 257
30 267
30 278
30 307
30 324
30 362
30 394
30 417
30 456
30 491
30 535
30 545
30 563
31 32
31 50
31 53
31 58
31 69
31 86
31 106
31 135
31 144
31 146
31 158
31 168
31 181
31 204
31 263
31 271
31 273
31 282
31 289
31 290
31 297
31 331
31 340
31 344
31 353
31 359
31 361
31 375
31 382
31 432
31 490
31 497
31 513
31 557
32 34
32 35
32 39
32 41
32 56
32 59
32 60
32 61
32 67
32 72
32 80
32 81
32 89
32 110
32 119
32 123
32 142
32 154
32 160
32 167
32 178
32 179
32 181
32 194
32 197
32 198
32 209
32 229
32 233
32 246
32 250
32 263
32 302
32 305
32 316
32 350
32 356
32 364
32 384
32 426
32 490
32 496
32 521
32 524
32 529
32 563
33 40
33 45
33 50
33 70
33 71
33 130
33 141
33 223
33 239
33 249
33 326
33 378
33 489
33 500
33 522
33 533
34 49
34 62
34 64
34 65
34 75
34 108
34 162
34 215
34 260
34 300
34 321
34 416
34 521
34 540
35 36
35 37
35 47
35 55
35 77
35 81
35 113
35 118
35 119
35 134
35 139
35 144
35 156
35 169
35 171
35 192
35 222
35 255
35 278
35 300
35 327
35 329
35 351
35 387
35 388
35 398
35 425
35 430
35 433
35 461
35 496
35 500
36 42
36 46
36 61
36 74
36 81
36 88
36 98
36 110
36 150
36 167
36 175
36 190
36 229
36 292
36 308
36 320
36 331
36 339
36 353
36 367
36 409
36 424
36 502
36 508
36 542
37 38
37 47
37 55
37 56
37 60
37 67
37 70
37 83
37 94
37 102
37 111
37 118
37 131
37 132
37 134
37 144
37 145
37 152
37 158
37 182
37 185
37 190
37 200
37 209
37 211
37 221
37 235
37 243
37 259
37 286
37 297
37 334
37 336
37 345
37 354
37 384
37 407
37 417
37 442
37 452
37 455
37 459
37 470
37 481
37 510
37 522
37 527
37 552
37 554
37 559
38 109
38 118
38 119
38 127
38 140
38 182
38 187
38 237
38 243
38 300
38 348
38 361
38 407
38 433
38 523
38 550
39 41
39 59
39 65
39 79
39 85
39 97
39 145
39 149
39 175
39 178
39 234
39 253
39 255
39 307
39 381
39 442
39 487
39 489
39 554
39 560
40 43
40 48
40 68
40 90
40 95
40 131
40 144
40 156
40 170
40 199
40 260
40 264
40 270
40 293
40 294
40 312
40 324
40 364
40 366
40 387
40 420
40 423
40 545
41 46
41 54
41 56
41 64
41 68
41 76
41 83
41 84
41 87
41 88
41 95
41 99
41 103
41 192
41 198
41 199
41 222
41 225
41 250
41 257
41 268
41 276
41 289
41 307
41 317
41 362
41 366
41 375
41 380
41 472
41 532
41 550
41 555
41 557
42 45
42 51
42 58
42 62
42 65
42 76
42 78
42 120
42 148
42 152
42 155
42 168
42 177
42 183
42 184
42 187
42 270
42 275
42 296
42 318
42 324
42 340
42 377
42 387
42 400
42 407
42 478
42 479
43 48
43 53
43 80
43 85
43 90
43 100
43 102
43 111
43 113
43 115
43 119
43 139
43 148
43 152
43 165
43 168
43 184
43 185
43 203
43 218
43 260
43 282
43 298
43 344
43 350
43 436
43 465
43 471
43 488
43 529
44 49
44 54
44 64
44 68
44 74
44 85
44 88
44 91
44 103
44 134
44 156
44 196
44 244
44 258
44 325
44 360
44 426
44 440
44 447
44 462
44 464
44 519
44 527
44 537
45 55
45 71
45 75
45 78
45 88
45 92
45 95
45 103
45 106
45 123
45 141
45 143
45 146
45 147
45 153
45 159
45 161
45 165
45 177
45 187
45 201
45 203
45 213
45 214
45 218
45 265
45 274
45 334
45 337
45 358
45 366
45 385
45 392
45 469
45 497
46 52
46 58
46 59
46 68
46 82
46 89
46 95
46 102
46 103
46 105
46 123
46 124
46 142
46 145
46 150
46 157
46 166
46 176
46 195
46 201
46 253
46 257
46 264
46 268
46 280
46 281
46 335
46 347
46 355
46 363
46 367
46 395
46 425
46 427
46 478
46 490
46 495
46 532
46 549
47 51
47 57
47 136
47 159
47 169
47 179
47 195
47 232
47 265
47 348
47 350
47 351
47 378
47 411
48 51
48 52
48 53
48 60
48 83
48 91
48 105
48 110
48 120
48 121
48 123
48 131
48 155
48 165
48 203
48 208
48 209
48 228
48 267
48 352
48 432
48 436
49 52
49 55
49 106
49 159
49 246
49 272
49 285
49 373
49 382
49 402
50 58
50 59
50 67
50 76
50 80
50 85
50 87
50 98
50 126
50 149
50 151
50 154
50 157
50 189
50 224
50 253
50 269
50 271
50 286
50 287
50 320
50 333
50 421
50 498
50 550
50 560
51 70
51 105
51 106
51 129
51 180
51 211
51 278
51 279
51 321
51 398
51 495
51 544
51 559
51 560
52 76
52 92
52 99
52 111
52 115
52 128
52 148
52 155
52 197
52 221
52 312
52 323
52 340
52 448
52 520
52 539
53 65
53 72
53 98
53 151
53 155
53 284
53 294
53 352
53 398
53 420
53 482
54 58
54 62
54 63
54 67
54 72
54 78
54 95
54 97
54 98
54 118
54 136
54 146
54 170
54 172
54 173
54 222
54 228
54 251
54 260
54 298
54 322
54 347
54 392
54 411
54 435
54 476
54 512
54 527
54 541
55 75
55 83
55 107
55 109
55 143
55 161
55 195
55 204
55 312
55 401
55 413
55 415
55 423
55 461
55 468
55 481
55 520
55 531
55 560
56 66
56 87
56 104
56 112
56 135
56 136
56 193
56 202
56 219
56 248
56 255
56 256
56 276
56 289
56 297
56 304
56 342
56 354
56 371
56 372
56 380
56 381
56 386
56 418
56 439
56 515
56 531
56 536
56 541
56 543
56 546
56 551
57 62
57 68
57 70
57 80
57 86
57 91
57 117
57 120
57 130
57 135
57 138
57 148
57 149
57 151
57 172
57 177
57 178
57 222
57 244
57 268
57 274
57 281
57 305
57 309
57 318
57 320
57 326
57 336
57 345
57 390
57 404
57 424
57 443
57 453
57 460
57 485
57 488
57 498
57 523
57 560
58 61
58 64
58 83
58 94
58 97
58 98
58 100
58 146
58 170
58 194
58 206
58 231
58 256
58 263
58 279
58 284
58 381
58 410
58 454
58 467
58 487
59 61
59 93
59 100
59 112
59 115
59 129
59 132
59 197
59 216
59 248
59 315
59 399
59 406
59 412
59 471
59 563
60 74
60 77
60 88
60 90
60 93
60 102
60 108
60 118
60 125
60 141
60 158
60 170
60 179
60 182
60 185
60 211
60 222
60 223
60 227
60 249
60 252
60 266
60 269
60 275
60 297
60 322
60 358
60 383
60 391
60 402
60 408
60 435
60 445
60 454
60 475
60 528
60 535
60 547
61 76
61 165
61 282
61 294
61 332
61 346
61 406
61 408
61 410
61 414
61 425
61 432
61 438
61 446
61 546
61 549
62 69
62 84
62 99
62 104
62 105
62 114
62 124
62 125
62 139
62 273
62 307
62 319
62 362
62 393
62 402
62 409
62 439
62 509
62 520
62 561
63 89
63 135
63 153
63 172
63 174
63 205
63 221
63 223
63 227
63 241
63 291
63 295
63 354
63 383
63 416
63 452
63 460
63 474
63 489
63 545
64 86
64 90
64 97
64 109
64 160
64 169
64 235
64 265
64 307
64 339
64 452
64 488
65 98
65 102
65 160
65 184
65 241
65 299
65 322
65 331
65 345
65 349
65 387
65 416
65 494
65 557
66 76
66 97
66 103
66 129
66 133
66 181
66 202
66 240
66 242
66 243
66 247
66 272
66 309
66 325
66 331
66 365
66 376
66 378
66 412
67 72
67 100
67 121
67 125
67 133
67 152
67 163
67 186
67 196
67 216
67 244
67 271
67 279
67 286
67 298
67 315
67 347
67 352
67 357
67 386
67 427
67 433
67 454
67 521
67 551
68 89
68 101
68 113
68 119
68 175
68 194
68 197
68 202
68 214
68 251
68 364
68 369
68 516
69 80
69 132
69 175
69 209
69 223
69 266
69 365
69 386
69 390
69 410
69 478
69 531
70 108
70 136
70 137
70 154
70 166
70 216
70 217
70 254
70 287
70 343
70 360
70 379
70 443
71 77
71 79
71 87
71 96
71 102
71 108
71 172
71 181
71 209
71 211
71 269
71 312
71 336
71 351
71 396
71 410
71 416
71 421
71 438
71 489
71 490
72 79
72 94
72 111
72 125
72 149
72 157
72 183
72 225
72 257
72 265
72 343
72 366
72 419
72 450
72 553
73 128
73 152
73 173
73 178
73 219
73 256
73 259
73 328
73 362
73 368
73 374
73 426
73 480
74 82
74 108
74 117
74 131
74 135
74 140
74 147
74 185
74 207
74 217
74 266
74 280
74 343
74 344
74 389
74 396
74 406
74 408
74 426
74 474
74 479
74 526
74 539
75 110
75 134
75 261
75 305
75 345
75 455
75 527
75 562
76 86
76 100
76 104
76 131
76 137
76 138
76 166
76 219
76 236
76 242
76 258
76 278
76 304
76 327
76 334
76 365
76 369
76 397
76 413
76 415
76 556
76 562
77 83
77 120
77 159
77 163
77 189
77 228
77 237
77 314
77 325
77 331
77 342
77 365
77 396
77 403
77 419
77 465
77 488
77 523
78 81
78 113
78 114
78 128
78 138
78 190
78 191
78 260
78 264
78 278
78 280
78 301
78 303
78 344
78 354
78 374
78 404
78 503
78 509
78 511
78 515
79 85
79 111
79 113
79 137
79 166
79 213
79 220
79 227
79 322
79 333
79 393
79 463
79 508
79 550
80 90
80 143
80 263
80 307
80 410
80 435
80 528
81 93
81 123
81 153
81 251
81 269
81 275
81 292
81 316
81 367
81 447
81 451
81 472
81 501
82 140
82 156
82 187
82 193
82 201
82 320
82 402
82 492
82 564
83 89
83 104
83 141
83 154
83 176
83 272
83 299
83 399
83 465
83 483
83 491
84 87
84 119
84 149
84 162
84 177
84 274
84 306
84 310
84 330
84 395
84 403
84 429
84 454
84 501
84 516
84 523
85 105
85 110
85 172
85 180
85 195
85 279
85 294
85 316
85 381
85 404
85 554
86 141
86 165
86 213
86 238
86 239
86 242
86 245
86 299
86 351
87 133
87 283
87 291
87 296
87 428
87 472
87 505
87 518
87 552
87 556
88 90
88 96
88 99
88 108
88 125
88 186
88 187
88 235
88 251
88 290
88 317
88 351
88 357
88 374
88 383
88 399
88 422
88 496
89 123
89 152
89 153
89 188
89 190
89 208
89 215
89 435
89 450
89 558
90 94
90 104
90 115
90 128
90 130
90 131
90 134
90 155
90 167
90 175
90 208
90 255
90 290
90 308
90 332
90 343
90 380
90 390
90 422
90 423
90 505
90 558
91 110
91 118
91 255
91 466
92 106
92 110
92 166
92 167
92 173
92 184
92 200
92 224
92 226
92 244
92 259
92 289
92 392
92 436
92 453
93 96
93 104
93 114
93 116
93 133
93 151
93 169
93 179
93 181
93 233
93 286
93 294
93 370
93 434
93 439
93 507
93 540
94 99
94 126
94 142
94 247
94 311
94 328
94 372
94 393
94 412
94 417
94 475
94 489
95 106
95 115
95 169
95 173
95 246
95 271
95 272
95 298
95 319
95 468
95 478
95 536
96 97
96 120
96 200
96 224
96 235
96 291
96 322
96 338
96 367
96 427
96 482
96 505
97 116
97 145
97 229
97 232
97 241
97 266
97 296
97 309
97 321
97 335
97 360
97 444
97 446
97 534
97 547
97 555
98 107
98 117
98 198
98 217
98 225
98 241
98 266
98 277
98 342
98 464
98 508
98 526
99 178
99 232
99 273
99 306
99 357
99 546
100 121
100 135
100 162
100 267
100 304
100 386
100 387
100 418
101 164
101 172
101 176
101 205
101 270
101 308
101 374
101 398
101 467
102 107
102 121
102 141
102 160
102 183
102 212
102 231
102 246
102 286
102 302
102 317
102 329
102 396
102 485
102 525
102 538
102 548
103 126
103 147
103 164
103 184
103 218
103 239
103 240
103 248
103 275
103 301
103 327
103 342
103 373
103 454
103 457
103 478
103 520
104 130
104 159
104 211
104 213
104 308
104 325
104 328
104 370
104 403
104 443
105 122
105 127
105 339
105 515
105 526
106 107
106 157
106 170
106 188
106 203
106 235
106 253
106 262
106 309
106 377
106 533
107 133
107 198
107 273
107 283
107 390
107 409
107 486
108 123
108 162
108 175
108 249
108 265
108 282
108 313
108 531
109 148
109 227
109 333
109 380
109 396
109 443
109 456
109 517
110 137
110 190
110 194
110 218
110 226
110 360
110 429
110 450
110 476
110 526
110 537
110 539
111 160
111 231
111 242
111 252
111 265
111 272
111 276
111 350
111 394
111 463
112 117
112 136
112 139
112 189
112 190
112 191
112 209
112 245
112 282
112 311
112 320
112 327
113 145
113 204
113 242
113 290
113 507
113 512
114 128
114 131
114 142
114 144
114 192
114 220
114 230
114 253
114 340
114 353
114 355
114 356
114 373
114 389
114 484
114 507
114 522
115 178
115 281
115 358
115 378
115 516
115 541
116 117
116 132
116 162
116 168
116 191
116 217
116 228
116 277
116 301
116 323
116 403
116 408
116 430
116 469
116 510
116 514
116 523
116 537
116 538
117 146
117 157
117 162
117 201
117 207
118 238
118 292
118 403
118 409
118 410
118 500
119 226
119 278
119 370
119 446
120 137
120 143
120 258
120 363
120 386
120 483
120 498
121 152
121 162
121 171
121 176
121 212
121 248
121 268
121 296
121 336
121 466
121 474
122 163
122 211
122 237
122 317
122 474
122 537
123 180
123 297
123 478
124 126
124 147
124 165
124 172
124 199
124 208
124 221
124 288
124 292
124 295
124 311
124 335
124 349
124 407
124 424
124 437
124 467
124 480
124 498
124 556
124 557
125 174
125 186
125 203
125 218
125 245
125 249
125 292
125 319
125 348
125 353
125 364
125 370
125 457
125 487
125 513
125 549
125 555
125 556
126 132
126 133
126 138
126 217
126 253
126 331
126 426
126 438
127 130
127 136
127 231
127 234
127 250
127 273
127 338
127 410
127 465
127 559
128 191
128 247
128 255
128 325
128 335
128 400
128 408
128 482
128 495
128 496
128 502
128 538
128 542
129 130
129 176
129 224
129 313
129 341
129 415
129 418
129 469
129 508
129 521
130 132
130 193
130 197
130 337
130 365
130 383
131 165
131 281
131 326
131 396
131 403
131 448
131 473
131 475
131 520
132 204
132 258
132 298
132 486
132 529
132 532
133 163
133 192
133 273
133 303
133 346
133 370
133 376
133 377
133 444
133 499
133 562
134 159
134 167
134 180
134 183
134 217
134 232
134 233
134 234
134 303
134 444
134 446
134 477
134 515
135 207
135 297
135 335
135 448
136 151
136 201
136 219
136 243
136 290
136 300
136 322
136 329
136 417
136 441
136 558
137 240
137 335
137 337
137 349
137 463
137 469
138 147
138 196
138 227
138 269
138 275
138 280
138 288
138 302
138 428
138 485
138 509
138 527
139 419
140 146
140 176
140 194
140 214
140 389
140 477
140 530
141 155
141 207
141 213
141 268
141 356
141 380
141 492
141 500
141 507
141 513
141 541
142 164
142 171
142 210
142 216
142 340
142 353
142 358
142 359
142 477
142 483
143 210
143 290
143 291
143 329
143 357
143 451
143 499
144 149
144 214
144 316
144 385
144 423
144 480
144 482
144 504
144 513
145 206
145 313
145 354
145 362
145 417
145 437
145 495
145 531
146 187
146 288
146 306
146 457
146 459
147 153
147 199
147 225
147 323
147 363
147 370
147 372
147 421
148 149
148 151
148 185
148 189
148 230
148 231
148 235
148 236
148 244
148 369
148 439
148 485
148 549
149 161
149 214
149 413
149 528
150 151
150 163
150 175
150 183
150 191
150 221
150 229
150 239
150 293
150 302
151 179
151 216
151 368
151 421
151 424
152 161
152 207
152 262
152 289
152 337
152 344
152 357
152 450
152 465
152 478
152 542
153 156
153 167
153 168
153 199
153 206
153 224
153 227
153 261
153 262
153 280
153 338
153 348
153 350
153 379
153 422
153 440
153 441
153 492
153 513
154 158
154 200
154 293
154 433
154 488
154 555
155 164
155 218
155 244
155 419
155 520
155 549
155 551
156 181
156 219
156 252
156 326
156 328
156 336
156 355
156 419
156 449
156 479
156 500
157 174
157 301
157 318
157 525
158 162
158 197
158 239
158 311
158 326
158 346
158 512
158 529
158 548
158 561
159 206
159 266
159 333
159 549
159 552
160 195
160 198
160 231
160 272
160 291
160 295
160 352
160 372
160 375
160 391
160 398
161 192
161 194
161 211
161 243
161 254
161 310
161 367
161 371
161 442
161 501
161 508
161 526
161 550
162 173
162 214
162 247
162 349
162 473
163 214
163 238
163 382
163 417
163 450
163 476
163 493
163 525
164 187
164 195
164 207
164 268
164 358
164 377
164 399
164 464
164 533
164 539
164 542
165 403
165 472
165 561
166 171
166 183
166 192
166 205
166 208
166 287
166 334
166 359
166 375
166 387
166 411
166 480
167 178
167 191
167 363
167 413
167 435
167 458
167 463
167 548
168 329
168 378
168 413
168 481
168 559
169 187
169 201
169 231
169 237
169 305
169 313
169 314
169 337
169 400
169 431
169 437
169 552
170 174
170 188
170 247
170 408
170 429
170 456
170 515
170 554
170 557
171 193
171 310
171 320
171 512
172 238
172 246
172 252
172 390
172 563
173 174
173 182
173 215
173 307
173 372
173 439
173 517
174 332
174 391
174 400
174 531
175 308
175 397
175 439
176 182
176 194
176 215
176 314
176 334
176 509
176 511
176 558
177 304
177 342
177 521
178 237
178 259
178 319
178 323
178 341
178 407
178 422
178 444
178 453
178 458
178 488
178 510
179 190
179 237
179 319
179 382
179 397
179 426
179 541
179 553
180 225
180 272
180 493
180 554
181 188
181 242
181 314
181 346
181 439
181 510
181 523
181 527
182 183
182 232
182 321
182 438
182 504
182 519
182 533
182 547
183 301
183 349
183 376
183 506
184 305
184 367
184 380
184 462
185 205
185 253
185 289
185 332
185 424
185 434
185 461
186 199
186 226
186 239
186 250
186 257
186 267
186 269
186 300
186 304
186 305
187 212
187 215
187 229
187 234
187 286
187 314
187 330
187 372
187 494
187 520
188 283
188 322
188 459
188 493
188 561
189 194
189 222
189 233
189 315
189 494
189 533
190 202
190 236
190 245
190 255
190 323
190 324
190 386
190 388
190 430
190 494
191 204
191 239
191 314
191 401
191 413
191 442
191 497
191 519
192 296
192 364
192 453
193 213
193 287
193 341
193 441
194 427
194 448
195 200
195 226
195 258
195 393
195 407
195 508
195 527
195 555
195 562
196 418
196 513
197 198
197 220
197 332
197 333
197 338
197 355
197 406
197 481
197 497
197 559
198 212
198 234
198 240
198 243
198 247
198 248
198 263
198 374
198 436
198 476
199 210
199 225
199 238
199 249
199 331
199 355
199 361
199 413
199 476
200 271
200 343
200 441
200 517
201 310
201 384
201 401
201 456
202 457
202 555
203 210
203 226
203 250
203 303
203 311
203 378
203 394
203 437
203 461
204 332
204 377
205 258
205 298
205 315
205 425
205 472
206 300
206 448
207 212
207 406
207 463
208 310
208 484
209 220
209 233
209 262
209 279
209 282
209 319
209 368
209 369
209 453
209 460
210 211
210 225
210 253
211 222
211 240
211 291
211 352
211 366
211 557
212 218
212 332
212 384
212 386
212 421
213 257
213 371
213 425
213 440
215 257
215 278
215 285
215 288
215 317
215 328
215 361
216 241
216 242
216 243
217 342
217 388
217 397
217 485
217 503
218 240
218 252
218 351
218 356
218 418
218 428
218 429
219 440
220 256
220 281
220 329
220 401
221 402
221 525
222 250
222 299
222 381
222 528
223 251
223 270
223 296
223 368
223 395
224 235
224 281
224 293
224 373
224 399
224 458
224 471
224 486
225 262
225 326
225 362
225 532
226 233
226 380
226 390
226 461
227 256
227 315
227 320
227 347
227 371
227 431
227 468
227 484
227 501
228 280
228 288
228 337
228 356
229 256
229 348
229 500
230 268
230 269
230 314
230 326
230 369
230 376
230 379
230 423
230 472
230 546
231 289
231 379
231 385
231 535
232 261
232 287
232 360
232 390
232 513
233 252
233 282
233 354
233 382
234 344
234 360
234 521
235 281
235 284
235 373
235 400
235 428
235 464
236 390
236 413
236 414
236 470
237 252
237 267
237 277
237 294
237 310
237 427
237 553
238 265
238 298
238 313
238 503
239 276
239 349
239 458
239 525
240 318
240 388
240 400
240 439
240 540
240 555
241 265
241 286
241 299
241 441
242 548
243 341
243 447
243 457
244 360
244 375
244 519
244 551
244 554
245 300
245 440
245 518
246 247
246 279
246 308
246 381
246 405
246 425
246 534
247 271
247 312
247 431
247 509
248 306
248 453
249 259
249 342
249 491
250 389
250 536
250 551
251 284
251 336
251 443
251 538
252 318
252 405
252 526
253 340
253 441
253 544
254 256
254 267
254 285
254 373
254 404
254 414
254 496
255 317
255 442
256 304
256 450
256 499
256 505
257 267
257 283
257 340
257 406
257 423
257 472
257 525
257 564
258 277
258 351
258 404
258 434
258 498
258 537
259 433
260 351
260 398
261 361
261 389
261 393
261 518
261 562
262 284
262 345
262 388
262 499
263 302
263 383
263 470
264 466
264 484
265 280
265 412
265 511
266 420
266 427
266 459
267 274
267 301
267 315
267 335
267 339
267 364
267 372
267 442
267 457
267 495
268 308
268 415
269 288
269 306
269 318
269 425
269 445
269 470
269 494
270 317
270 344
270 444
271 285
271 289
271 315
271 337
271 352
271 357
271 444
272 389
273 299
273 306
273 357
273 397
273 409
274 334
276 388
276 420
276 444
277 380
277 391
277 397
277 464
278 363
278 529
278 545
279 383
280 282
280 324
280 412
280 492
281 324
281 330
281 447
281 458
281 514
282 299
282 345
282 422
282 457
282 491
282 528
283 383
283 421
283 450
284 319
284 341
284 353
284 379
285 417
285 462
285 517
285 542
286 368
287 479
288 295
288 332
288 488
289 369
289 492
290 301
290 405
290 544
291 348
291 362
291 481
291 504
292 455
292 476
293 419
293 448
294 391
295 343
295 487
296 306
296 341
296 366
296 532
297 490
297 553
298 321
298 479
298 506
298 509
298 552
299 358
299 359
299 362
300 451
301 389
301 394
301 398
302 309
302 379
303 336
303 449
304 363
305 393
305 524
306 536
307 326
307 352
307 431
307 474
307 533
307 547
308 327
308 341
308 367
308 440
308 549
309 431
309 531
310 391
310 401
311 383
311 544
312 338
312 343
312 411
312 452
313 355
313 496
314 556
315 486
315 496
316 372
316 414
316 462
316 504
317 516
318 449
318 475
319 473
320 392
320 401
321 325
321 393
321 424
321 427
321 488
321 511
322 369
322 405
322 442
322 472
323 498
324 358
324 486
325 459
327 480
328 354
328 385
328 456
328 469
329 347
329 382
329 464
330 341
330 344
330 514
331 485
333 378
334 361
334 371
334 432
335 368
335 476
335 509
335 535
335 541
337 486
337 529
338 389
338 541
338 542
338 560
339 346
339 347
339 455
339 507
339 511
340 378
341 369
341 432
341 482
341 524
342 522
343 543
344 364
344 484
344 489
345 408
346 396
346 480
347 466
347 521
348 368
348 388
349 412
349 465
350 373
351 456
352 514
353 465
354 466
354 547
355 535
356 394
356 535
357 410
357 415
357 539
358 387
358 392
358 484
359 440
359 447
360 421
360 446
361 511
362 556
364 475
364 483
364 505
365 530
365 537
365 552
366 471
366 502
366 504
366 517
366 559
367 405
367 474
368 375
368 449
369 458
370 436
370 450
370 462
370 495
371 394
371 530
372 404
372 434
372 463
372 540
372 542
373 409
373 519
374 438
374 537
376 461
376 502
377 406
377 408
378 553
379 414
379 496
380 430
382 435
383 538
383 549
384 422
384 433
384 449
385 407
386 477
386 522
387 409
387 415
388 402
389 415
389 428
389 452
390 482
393 544
393 561
394 397
394 407
394 473
394 508
396 515
397 491
397 543
398 437
398 468
398 510
398 538
400 420
400 516
400 524
400 530
400 534
400 561
401 554
403 445
403 473
406 451
406 526
409 550
411 426
411 441
411 493
411 499
412 434
412 475
414 420
414 445
416 462
418 494
418 511
419 445
419 544
420 443
420 460
421 490
421 501
421 564
422 497
423 460
423 491
424 451
424 509
425 464
425 502
425 503
426 466
427 457
427 477
428 498
429 440
431 433
431 471
433 482
433 530
435 473
435 495
436 451
436 455
436 504
437 459
437 470
437 483
439 542
439 551
440 479
440 490
440 511
441 449
441 487
442 531
443 446
443 505
443 556
445 510
445 553
446 479
447 467
447 493
447 518
448 467
449 451
449 514
449 548
450 548
452 493
452 514
454 492
457 498
457 532
458 464
459 486
459 494
460 519
460 538
462 564
463 486
463 534
464 501
466 483
466 485
466 506
466 550
467 540
469 499
470 502
470 529
474 515
475 553
478 503
479 512
479 562
483 506
484 497
486 546
490 516
493 528
498 543
499 539
500 563
506 520
506 538
508 546
512 517
516 540
517 558
518 548
520 524
524 536
526 563
530 553
533 561
551 560
