0 1
0 2
0 3
0 4
0 5
0 8
0 9
0 11
0 15
0 16
0 20
0 25
0 28
0 39
0 50
0 58
0 59
0 76
0 77
0 81
0 110
0 112
0 113
0 129
0 130
0 133
0 134
0 141
0 142
0 146
0 150
0 172
0 173
0 180
0 194
0 208
0 218
0 223
1 4
1 5
1 6
1 7
1 8
1 10
1 11
1 12
1 14
1 16
1 17
1 19
1 22
1 24
1 29
1 41
1 45
1 54
1 55
1 56
1 83
1 84
1 92
1 95
1 108
1 125
1 132
1 136
1 167
1 185
1 192
1 199
1 203
1 213
1 220
2 25
2 99
2 147
2 163
3 4
3 6
3 7
3 10
3 14
3 16
3 20
3 23
3 24
3 30
3 32
3 42
3 43
3 45
3 49
3 53
3 55
3 71
3 117
3 140
3 142
3 162
3 166
3 219
3 225
4 5
4 6
4 19
4 26
4 36
4 62
4 63
4 71
4 78
4 86
4 91
4 94
4 95
4 119
4 122
4 126
4 222
5 7
5 11
5 37
5 44
5 76
5 82
5 99
5 177
5 201
6 8
6 9
6 25
6 40
6 44
6 47
6 54
6 60
6 61
6 68
6 82
6 89
6 93
6 104
6 108
6 118
6 122
6 123
6 136
6 139
6 148
6 150
6 157
6 161
7 14
7 26
7 27
7 96
7 107
7 193
7 205
8 9
8 12
8 15
8 26
8 27
8 29
8 34
8 36
8 77
8 105
8 115
8 123
8 164
8 177
8 179
8 191
9 10
9 13
9 17
9 21
9 27
9 30
9 35
9 38
9 40
9 43
9 46
9 47
9 52
9 69
9 73
9 77
9 78
9 83
9 90
9 109
9 110
9 111
9 121
9 124
9 128
9 140
9 158
9 176
9 178
9 180
9 182
9 191
10 12
10 13
10 22
10 23
10 33
10 53
10 59
10 86
10 137
10 145
10 220
11 13
11 29
11 31
11 33
11 46
11 102
11 116
11 155
11 204
11 216
11 225
12 19
12 199
12 217
12 219
13 17
13 42
13 61
13 92
13 125
13 194
13 200
13 212
13 224
14 15
14 18
14 20
14 31
14 49
14 52
14 53
14 57
14 59
14 87
14 118
14 127
14 130
14 161
14 166
14 172
14 182
14 184
14 195
15 18
15 21
15 30
15 35
15 68
15 120
15 149
15 161
15 174
15 215
15 219
16 18
16 51
16 97
16 133
16 223
17 24
17 74
17 90
17 101
17 108
17 114
17 203
17 205
18 39
18 70
18 87
18 94
18 100
18 105
18 135
18 136
18 147
18 156
18 158
18 184
18 197
18 204
19 22
19 38
19 72
19 74
19 75
19 119
19 128
19 202
19 208
20 21
20 23
20 28
20 39
20 67
20 70
20 93
20 98
20 112
20 167
20 207
20 212
21 50
21 170
22 28
22 32
22 45
22 58
22 69
22 79
22 94
22 100
22 137
22 138
22 177
22 193
23 31
23 69
23 79
23 87
23 103
23 113
23 120
23 121
23 182
23 185
24 73
24 145
25 48
25 65
25 86
25 146
25 160
25 191
26 74
26 85
26 127
27 32
27 33
27 36
27 42
27 51
27 55
27 82
27 106
27 179
27 181
27 211
28 37
28 46
28 65
28 76
28 83
28 126
28 198
29 37
29 40
29 62
29 132
29 165
30 34
30 35
30 41
30 62
30 81
30 96
30 132
30 148
30 165
31 92
32 34
32 43
32 44
32 73
32 113
32 131
32 150
32 204
33 49
33 57
33 188
33 197
34 143
34 188
35 38
35 48
35 75
36 66
36 189
36 206
37 64
37 78
37 84
37 156
37 171
37 174
37 180
37 185
38 58
38 68
38 153
39 52
39 97
40 41
40 64
40 79
40 80
40 88
40 101
40 106
40 124
40 126
40 181
41 50
41 96
41 110
41 207
43 60
43 65
43 223
44 99
44 104
44 114
44 130
44 135
44 143
44 144
44 146
44 151
44 169
44 171
44 176
44 186
44 192
44 212
44 213
45 47
46 48
46 63
46 71
46 95
46 98
46 102
46 107
46 109
46 111
46 112
46 134
46 158
46 169
47 54
47 57
47 63
47 97
47 151
47 154
47 181
47 188
47 196
47 209
48 51
48 60
48 104
48 129
48 206
49 88
49 224
50 61
50 72
50 80
50 222
51 56
51 91
51 103
51 145
51 157
51 170
52 56
52 80
52 159
52 164
52 205
53 207
55 208
56 85
56 89
56 175
58 88
58 102
58 163
58 168
59 64
59 75
59 123
59 127
59 225
60 214
61 67
61 81
61 89
61 138
61 155
61 186
61 190
61 201
61 210
61 218
63 66
63 85
63 139
64 66
64 98
64 189
65 67
65 70
65 91
65 214
66 115
68 142
70 72
70 109
70 133
70 201
70 202
71 90
71 196
72 190
73 202
74 116
74 131
74 211
74 222
75 100
75 120
75 141
76 114
76 128
76 183
76 190
78 93
78 195
78 210
79 84
79 111
79 187
80 115
80 162
81 106
81 107
81 152
81 171
81 175
82 147
82 168
83 103
83 183
85 165
85 172
86 209
87 105
87 160
88 122
88 175
89 131
90 119
90 134
91 166
93 144
96 170
96 187
97 101
97 117
101 152
102 118
102 140
102 155
103 144
103 216
108 169
109 129
109 159
109 195
109 198
111 139
111 141
113 149
114 116
114 125
114 137
114 200
115 164
116 117
116 124
116 143
116 159
116 168
117 149
117 174
117 193
118 121
120 218
124 194
125 192
126 186
126 199
128 138
131 154
132 135
132 163
132 178
134 206
138 154
139 217
140 153
140 221
142 152
142 156
142 160
143 148
144 176
144 220
145 200
146 153
146 215
149 151
149 157
149 167
151 162
153 178
153 179
154 209
157 183
157 187
158 173
158 184
161 173
161 214
161 217
162 196
169 221
175 189
176 210
177 203
178 224
187 198
188 197
188 213
188 216
195 221
197 211
210 215
