0 1
0 2
0 3
0 4
0 5
0 6
0 7
0 9
0 10
0 11
0 12
0 14
0 15
0 16
0 18
0 26
0 28
0 30
0 31
0 38
0 39
0 40
0 43
0 46
0 48
0 49
0 53
0 65
0 72
0 74
0 82
0 87
0 88
0 101
0 104
0 113
0 114
0 126
0 132
0 133
0 134
0 192
0 198
0 199
0 200
0 236
1 4
1 26
1 35
1 119
1 144
1 152
1 181
1 187
1 201
1 202
1 215
1 229
1 242
1 244
1 249
1 251
2 6
2 8
2 17
2 87
2 93
2 96
2 104
2 105
2 107
2 134
2 149
2 161
2 227
3 4
3 5
3 7
3 14
3 15
3 23
3 25
3 29
3 34
3 35
3 37
3 51
3 52
3 54
3 56
3 64
3 67
3 70
3 75
3 83
3 84
3 85
3 88
3 92
3 99
3 128
3 145
3 156
3 157
3 165
3 167
3 176
3 180
3 182
3 192
3 201
3 205
3 221
3 222
3 244
4 5
4 8
4 9
4 11
4 12
4 13
4 15
4 19
4 21
4 25
4 27
4 34
4 37
4 38
4 47
4 56
4 58
4 61
4 62
4 63
4 64
4 77
4 83
4 88
4 90
4 113
4 129
4 134
4 143
4 147
4 151
4 154
4 175
4 189
4 207
4 224
4 242
5 6
5 7
5 12
5 13
5 14
5 16
5 18
5 19
5 24
5 27
5 29
5 30
5 33
5 36
5 43
5 53
5 54
5 57
5 64
5 65
5 68
5 93
5 108
5 109
5 115
5 125
5 128
5 136
5 170
5 190
5 228
6 9
6 10
6 16
6 18
6 29
6 67
6 70
6 92
6 95
6 99
6 103
6 120
6 145
6 187
6 209
7 8
7 32
7 48
7 50
7 63
7 69
7 73
7 76
7 93
7 150
7 188
7 204
7 215
7 241
8 10
8 11
8 13
8 17
8 20
8 22
8 23
8 33
8 34
8 36
8 59
8 71
8 73
8 86
8 96
8 126
8 135
8 157
8 185
8 205
8 238
9 20
9 23
9 27
9 43
9 51
9 78
9 125
9 222
9 248
10 22
10 28
10 30
10 54
10 74
10 77
10 78
10 80
10 81
10 105
10 118
10 130
10 181
10 193
10 217
11 32
11 39
11 49
11 90
11 98
11 106
11 112
11 123
11 137
11 143
11 160
11 208
11 248
12 21
12 24
12 45
12 52
12 53
12 71
12 102
12 129
12 140
12 184
12 195
12 214
12 221
13 17
13 19
13 20
13 22
13 37
13 41
13 60
13 66
13 70
13 80
13 81
13 85
13 89
13 92
13 95
13 102
13 110
13 117
13 121
13 141
13 156
13 159
13 163
13 165
13 167
13 168
13 170
13 178
13 192
13 197
13 208
13 216
13 229
13 231
13 239
13 247
14 45
14 126
14 161
14 206
14 237
14 246
15 62
15 68
15 77
15 95
15 114
15 173
15 176
15 191
15 211
15 218
16 48
16 97
16 108
17 21
17 25
17 26
17 36
17 40
17 42
17 58
17 117
17 171
17 177
18 24
18 49
18 75
18 89
18 120
18 132
18 174
18 180
18 183
18 208
18 222
18 224
19 42
19 46
19 51
19 91
19 153
19 171
19 207
19 213
19 250
20 31
20 78
20 79
20 121
20 137
20 213
20 217
20 230
20 236
20 239
21 46
21 176
22 57
22 60
22 76
22 85
22 114
22 163
22 183
23 40
23 160
23 246
24 28
24 31
24 52
24 60
24 79
24 81
24 105
24 146
24 178
24 195
24 196
24 200
24 209
25 38
25 56
25 58
25 72
25 142
26 44
26 122
26 130
26 238
26 244
27 32
27 44
27 103
27 107
27 139
27 148
27 219
28 55
28 59
28 63
28 67
28 69
28 91
28 144
28 175
28 179
28 184
28 199
29 41
29 125
29 190
30 174
31 33
31 35
31 45
31 47
31 50
31 59
31 82
31 84
31 111
31 112
31 133
31 158
31 179
31 194
31 220
31 232
32 106
32 131
32 223
33 42
33 57
33 97
33 98
33 102
33 112
33 148
34 156
34 164
34 195
34 228
35 39
35 41
35 44
35 47
35 69
35 136
35 235
36 120
36 153
36 155
36 225
37 61
37 66
37 100
37 103
37 122
37 139
38 66
38 119
39 128
39 168
39 233
40 106
40 110
40 204
41 216
42 110
42 131
42 135
43 164
43 186
44 50
44 87
44 94
44 100
44 127
45 55
47 62
48 83
49 55
49 158
50 130
52 243
53 65
53 119
53 153
53 193
54 227
55 111
55 171
55 250
56 139
56 203
56 210
56 226
57 74
57 162
57 166
57 193
58 71
58 75
58 80
58 82
58 90
58 100
58 133
58 137
58 140
58 146
58 161
58 203
58 212
58 230
58 248
59 159
60 61
61 86
61 89
61 117
62 68
62 86
62 99
62 165
62 245
64 76
64 202
64 216
64 225
66 72
66 91
66 152
66 231
67 202
68 122
68 169
69 73
69 115
69 177
69 249
70 94
70 206
71 84
71 115
71 135
71 141
71 142
71 147
71 199
71 212
71 235
72 79
72 124
73 234
74 101
74 109
74 143
74 196
74 238
75 94
75 107
75 152
75 231
76 101
76 168
76 194
76 204
77 149
77 159
77 166
77 217
78 96
78 104
78 116
78 164
78 186
80 118
81 146
82 185
82 229
83 150
83 160
83 182
84 207
85 116
86 232
87 140
88 98
88 113
88 123
88 191
88 215
90 97
90 151
90 155
92 148
92 157
92 203
94 111
94 127
94 150
94 154
94 179
94 219
94 234
98 108
98 178
98 188
98 214
99 109
99 127
100 173
100 245
101 116
101 138
101 214
103 172
103 209
105 162
105 224
108 144
108 196
109 124
109 154
110 136
110 151
110 183
110 190
110 198
110 219
110 241
112 123
112 170
112 172
112 225
114 177
115 118
116 213
116 242
117 121
117 129
117 163
118 124
118 232
119 141
119 198
119 200
119 220
120 131
120 211
121 138
122 237
123 138
123 147
123 205
124 233
126 132
128 145
128 149
128 210
129 187
130 191
132 142
133 230
134 186
135 167
135 173
135 228
135 247
136 166
136 175
137 240
138 210
139 245
140 155
142 235
144 234
145 172
145 197
147 181
149 162
149 169
149 188
150 158
156 180
156 189
156 206
156 250
160 182
160 243
161 169
165 246
167 226
167 243
168 236
172 221
173 174
173 201
173 220
173 223
175 184
175 223
176 233
177 197
177 218
177 241
179 185
181 189
181 239
187 194
189 212
190 237
194 240
196 218
198 211
198 226
201 247
201 251
203 227
216 251
221 249
234 240
