0 1
0 2
0 3
0 4
0 5
0 6
0 7
0 8
0 9
0 10
0 11
0 12
0 13
0 14
0 15
0 16
0 17
0 18
0 19
0 20
0 21
0 22
0 24
0 25
0 28
0 29
0 30
0 31
0 32
0 33
0 35
0 36
0 37
0 39
0 41
0 43
0 44
0 45
0 46
0 48
0 51
0 53
0 60
0 61
0 65
0 67
0 70
0 74
0 76
0 88
0 98
0 101
0 103
0 107
0 113
0 120
0 122
0 124
0 125
0 133
0 134
0 137
0 138
0 151
0 153
0 158
0 160
0 164
0 165
0 167
0 170
0 182
0 187
0 190
0 198
0 199
0 200
0 202
0 205
0 207
0 209
0 211
0 226
0 230
0 234
0 245
0 246
0 254
0 262
0 280
0 291
0 300
0 303
0 306
0 308
0 321
0 325
0 335
0 336
0 370
0 382
0 388
0 390
0 404
0 410
0 411
0 431
0 432
0 439
0 441
0 445
0 447
0 466
0 472
0 474
0 478
0 493
0 507
0 508
0 511
0 514
0 515
0 520
0 522
0 536
0 539
0 544
0 560
0 564
0 568
0 581
0 608
0 615
0 616
0 618
0 634
0 649
0 674
0 680
0 685
0 693
0 712
0 719
0 722
0 739
0 746
0 759
0 768
0 790
1 13
1 14
1 16
1 18
1 21
1 24
1 25
1 26
1 29
1 34
1 35
1 36
1 40
1 44
1 46
1 49
1 51
1 59
1 67
1 68
1 69
1 70
1 79
1 82
1 83
1 87
1 91
1 95
1 96
1 99
1 101
1 105
1 110
1 112
1 126
1 129
1 134
1 136
1 140
1 141
1 142
1 151
1 155
1 161
1 179
1 194
1 198
1 216
1 221
1 234
1 239
1 242
1 243
1 248
1 258
1 266
1 272
1 284
1 287
1 288
1 293
1 296
1 297
1 310
1 311
1 322
1 324
1 337
1 339
1 351
1 361
1 366
1 378
1 400
1 403
1 411
1 427
1 429
1 438
1 441
1 448
1 449
1 464
1 474
1 491
1 496
1 498
1 500
1 510
1 514
1 523
1 525
1 527
1 542
1 543
1 555
1 571
1 572
1 574
1 593
1 599
1 642
1 667
1 669
1 683
1 696
1 697
1 704
1 710
1 730
1 797
2 13
2 14
2 15
2 16
2 19
2 20
2 21
2 28
2 33
2 36
2 53
2 58
2 59
2 60
2 77
2 87
2 98
2 100
2 103
2 116
2 126
2 132
2 134
2 142
2 147
2 153
2 190
2 217
2 237
2 257
2 283
2 285
2 290
2 312
2 323
2 324
2 351
2 360
2 377
2 391
2 394
2 441
2 443
2 445
2 495
2 512
2 526
2 531
2 583
2 615
2 636
2 645
2 656
2 667
2 715
2 754
2 789
3 13
3 14
3 16
3 18
3 23
3 30
3 31
3 32
3 35
3 37
3 54
3 74
3 84
3 104
3 133
3 135
3 140
3 185
3 201
3 220
3 221
3 311
3 329
3 335
3 350
3 353
3 425
3 494
3 510
3 579
3 592
3 634
3 664
3 671
3 682
3 684
3 705
3 708
3 740
3 766
3 768
3 793
4 26
4 65
4 302
5 13
5 15
5 17
5 22
5 23
5 43
5 48
5 49
5 64
5 68
5 69
5 75
5 78
5 91
5 92
5 119
5 126
5 138
5 140
5 164
5 166
5 200
5 223
5 247
5 425
5 496
5 506
5 535
5 540
5 575
5 580
5 665
5 695
5 754
6 13
6 14
6 15
6 16
6 17
6 18
6 19
6 20
6 21
6 22
6 24
6 32
6 34
6 37
6 40
6 44
6 49
6 58
6 63
6 69
6 73
6 83
6 84
6 87
6 90
6 111
6 118
6 119
6 120
6 152
6 157
6 159
6 185
6 193
6 195
6 248
6 281
6 288
6 296
6 297
6 309
6 310
6 317
6 326
6 340
6 348
6 357
6 409
6 419
6 445
6 449
6 461
6 489
6 501
6 503
6 504
6 539
6 543
6 544
6 552
6 558
6 577
6 582
6 600
6 602
6 604
6 619
6 623
6 633
6 634
6 641
6 662
6 702
6 731
6 736
6 762
6 790
6 797
7 13
7 14
7 15
7 16
7 17
7 18
7 22
7 27
7 42
7 43
7 49
7 54
7 99
7 125
7 131
7 194
7 215
7 242
7 269
7 318
7 320
7 323
7 344
7 385
7 412
7 451
7 487
7 488
7 579
7 627
7 648
7 758
7 778
8 13
8 14
8 15
8 16
8 17
8 19
8 20
8 21
8 22
8 25
8 27
8 29
8 30
8 36
8 38
8 39
8 41
8 42
8 44
8 45
8 50
8 57
8 62
8 64
8 80
8 87
8 94
8 99
8 100
8 101
8 110
8 111
8 139
8 144
8 146
8 148
8 157
8 158
8 172
8 174
8 188
8 199
8 202
8 203
8 228
8 237
8 243
8 246
8 247
8 248
8 255
8 260
8 264
8 273
8 278
8 279
8 281
8 287
8 290
8 313
8 316
8 320
8 324
8 328
8 329
8 334
8 338
8 354
8 361
8 367
8 369
8 379
8 380
8 399
8 433
8 434
8 446
8 464
8 468
8 477
8 481
8 484
8 492
8 493
8 509
8 521
8 548
8 647
8 671
8 719
8 733
8 740
8 768
9 13
9 14
9 15
9 17
9 18
9 19
9 24
9 25
9 26
9 30
9 32
9 34
9 36
9 37
9 41
9 42
9 45
9 51
9 54
9 55
9 57
9 60
9 66
9 73
9 77
9 79
9 81
9 84
9 88
9 96
9 104
9 108
9 110
9 123
9 126
9 130
9 145
9 146
9 170
9 173
9 192
9 207
9 248
9 276
9 291
9 308
9 312
9 315
9 321
9 376
9 390
9 401
9 418
9 436
9 439
9 445
9 516
9 517
9 525
9 555
9 569
9 576
9 584
9 595
9 617
9 633
9 652
9 715
9 738
9 755
9 757
10 13
10 14
10 15
10 16
10 17
10 18
10 19
10 21
10 23
10 27
10 30
10 31
10 33
10 39
10 40
10 42
10 50
10 65
10 66
10 69
10 71
10 102
10 124
10 131
10 132
10 146
10 152
10 155
10 159
10 180
10 198
10 200
10 211
10 271
10 286
10 289
10 293
10 303
10 308
10 309
10 326
10 342
10 368
10 378
10 383
10 392
10 395
10 412
10 419
10 441
10 496
10 528
10 551
10 564
10 597
10 615
10 625
10 641
10 654
10 655
10 659
10 681
10 720
10 742
10 772
10 798
11 13
11 14
11 15
11 19
11 21
11 23
11 31
11 32
11 33
11 35
11 43
11 53
11 59
11 69
11 88
11 111
11 117
11 143
11 147
11 171
11 180
11 181
11 193
11 201
11 263
11 288
11 295
11 328
11 340
11 348
11 365
11 373
11 582
11 595
11 636
11 680
11 719
11 733
11 777
11 780
12 13
12 14
12 15
12 16
12 17
12 18
12 20
12 22
12 25
12 26
12 27
12 28
12 30
12 37
12 39
12 42
12 45
12 47
12 50
12 57
12 61
12 72
12 94
12 101
12 122
12 124
12 137
12 139
12 147
12 149
12 165
12 172
12 189
12 200
12 207
12 210
12 222
12 225
12 240
12 258
12 259
12 291
12 294
12 298
12 326
12 331
12 349
12 350
12 363
12 397
12 454
12 465
12 525
12 540
12 568
12 573
12 592
12 602
12 612
12 617
12 618
12 625
12 643
12 658
12 708
12 713
12 717
12 769
12 784
13 14
13 15
13 16
13 17
13 20
13 21
13 23
13 25
13 27
13 28
13 29
13 30
13 34
13 36
13 37
13 38
13 39
13 40
13 44
13 47
13 48
13 49
13 51
13 53
13 56
13 63
13 64
13 67
13 72
13 79
13 85
13 94
13 96
13 105
13 107
13 108
13 112
13 115
13 118
13 121
13 123
13 124
13 125
13 127
13 128
13 129
13 130
13 134
13 136
13 141
13 143
13 148
13 157
13 166
13 167
13 181
13 183
13 206
13 208
13 210
13 228
13 229
13 264
13 266
13 279
13 287
13 310
13 325
13 326
13 331
13 344
13 357
13 373
13 376
13 378
13 382
13 384
13 402
13 422
13 423
13 427
13 438
13 441
13 451
13 454
13 458
13 460
13 463
13 491
13 494
13 500
13 512
13 521
13 534
13 540
13 545
13 567
13 571
13 579
13 584
13 600
13 610
13 625
13 632
13 633
13 665
13 685
13 696
13 698
13 702
13 704
13 709
13 710
13 728
13 729
13 731
13 749
13 752
13 757
13 766
13 773
13 774
13 787
13 792
13 794
14 15
14 16
14 17
14 18
14 19
14 20
14 22
14 24
14 25
14 27
14 28
14 29
14 30
14 31
14 32
14 33
14 34
14 36
14 39
14 42
14 43
14 48
14 50
14 52
14 54
14 56
14 57
14 58
14 62
14 63
14 65
14 72
14 77
14 78
14 79
14 82
14 83
14 87
14 90
14 92
14 97
14 98
14 99
14 100
14 101
14 103
14 107
14 108
14 112
14 119
14 122
14 130
14 138
14 141
14 152
14 161
14 163
14 164
14 166
14 178
14 180
14 182
14 190
14 198
14 199
14 203
14 206
14 212
14 215
14 218
14 230
14 234
14 236
14 238
14 242
14 246
14 247
14 261
14 272
14 277
14 304
14 310
14 312
14 359
14 360
14 364
14 369
14 389
14 403
14 438
14 442
14 450
14 461
14 465
14 467
14 470
14 511
14 521
14 535
14 541
14 547
14 555
14 564
14 580
14 584
14 593
14 599
14 606
14 609
14 614
14 640
14 648
14 664
14 667
14 696
14 704
14 721
14 730
14 732
14 757
14 761
14 770
14 780
14 786
14 795
15 16
15 17
15 18
15 19
15 20
15 22
15 26
15 27
15 28
15 31
15 32
15 35
15 37
15 38
15 39
15 40
15 43
15 44
15 45
15 46
15 47
15 48
15 49
15 50
15 51
15 53
15 59
15 62
15 65
15 66
15 68
15 71
15 72
15 76
15 77
15 78
15 83
15 85
15 86
15 87
15 90
15 91
15 94
15 97
15 98
15 101
15 102
15 104
15 105
15 106
15 107
15 109
15 113
15 116
15 120
15 123
15 125
15 127
15 131
15 133
15 137
15 138
15 139
15 144
15 147
15 150
15 154
15 160
15 162
15 166
15 169
15 170
15 181
15 184
15 185
15 193
15 195
15 209
15 211
15 219
15 221
15 234
15 236
15 239
15 242
15 248
15 255
15 257
15 258
15 265
15 271
15 272
15 278
15 279
15 290
15 293
15 294
15 308
15 322
15 339
15 340
15 341
15 347
15 352
15 360
15 361
15 372
15 377
15 383
15 392
15 403
15 404
15 405
15 408
15 421
15 431
15 434
15 451
15 452
15 455
15 465
15 469
15 471
15 473
15 475
15 477
15 482
15 483
15 484
15 487
15 505
15 522
15 535
15 549
15 556
15 568
15 577
15 583
15 584
15 588
15 589
15 598
15 600
15 601
15 613
15 641
15 658
15 663
15 666
15 671
15 703
15 706
15 707
15 733
15 734
15 736
15 747
15 750
15 758
15 765
15 767
15 779
15 790
15 796
15 799
16 17
16 18
16 19
16 20
16 21
16 22
16 23
16 24
16 25
16 27
16 30
16 32
16 33
16 35
16 38
16 39
16 41
16 44
16 49
16 50
16 54
16 58
16 60
16 62
16 66
16 68
16 77
16 89
16 91
16 96
16 97
16 102
16 115
16 117
16 118
16 130
16 131
16 145
16 150
16 153
16 164
16 166
16 170
16 172
16 177
16 179
16 185
16 191
16 207
16 208
16 212
16 227
16 229
16 230
16 231
16 239
16 243
16 247
16 248
16 251
16 252
16 254
16 264
16 275
16 290
16 300
16 307
16 308
16 318
16 320
16 331
16 339
16 351
16 358
16 375
16 377
16 387
16 396
16 405
16 407
16 435
16 446
16 450
16 458
16 459
16 463
16 472
16 487
16 493
16 497
16 507
16 526
16 539
16 549
16 554
16 576
16 580
16 605
16 627
16 661
16 677
16 678
16 701
16 732
16 759
16 767
16 775
16 777
17 18
17 19
17 20
17 21
17 22
17 23
17 24
17 25
17 26
17 28
17 29
17 30
17 32
17 33
17 34
17 36
17 37
17 38
17 39
17 40
17 41
17 45
17 47
17 50
17 52
17 55
17 56
17 58
17 67
17 74
17 76
17 79
17 80
17 82
17 85
17 91
17 93
17 104
17 105
17 110
17 113
17 118
17 119
17 137
17 138
17 151
17 153
17 154
17 164
17 166
17 171
17 172
17 173
17 174
17 176
17 194
17 198
17 204
17 215
17 219
17 235
17 242
17 249
17 251
17 260
17 264
17 268
17 271
17 274
17 275
17 286
17 301
17 303
17 311
17 313
17 327
17 345
17 362
17 373
17 379
17 391
17 396
17 400
17 417
17 418
17 427
17 432
17 467
17 472
17 490
17 494
17 506
17 508
17 509
17 512
17 516
17 520
17 527
17 531
17 534
17 545
17 549
17 555
17 565
17 575
17 576
17 582
17 589
17 596
17 597
17 608
17 613
17 619
17 653
17 660
17 661
17 677
17 678
17 689
17 692
17 715
17 728
17 730
17 739
17 745
17 766
17 769
17 790
18 19
18 20
18 21
18 22
18 23
18 25
18 26
18 29
18 31
18 36
18 41
18 48
18 49
18 53
18 55
18 58
18 59
18 61
18 63
18 65
18 72
18 73
18 75
18 79
18 80
18 81
18 82
18 83
18 87
18 90
18 97
18 99
18 121
18 135
18 139
18 148
18 149
18 162
18 172
18 178
18 183
18 185
18 186
18 187
18 191
18 195
18 200
18 202
18 209
18 211
18 225
18 235
18 245
18 251
18 252
18 255
18 264
18 267
18 268
18 273
18 282
18 309
18 314
18 316
18 324
18 326
18 344
18 346
18 349
18 352
18 361
18 371
18 386
18 393
18 394
18 408
18 425
18 437
18 465
18 487
18 490
18 513
18 531
18 535
18 542
18 548
18 564
18 565
18 569
18 588
18 599
18 620
18 631
18 664
18 698
18 743
18 748
18 775
18 788
19 20
19 21
19 23
19 24
19 26
19 28
19 34
19 35
19 38
19 40
19 41
19 43
19 48
19 49
19 50
19 54
19 57
19 60
19 65
19 72
19 77
19 82
19 85
19 89
19 92
19 94
19 95
19 96
19 99
19 103
19 110
19 113
19 114
19 115
19 129
19 135
19 144
19 147
19 153
19 154
19 156
19 157
19 160
19 164
19 183
19 189
19 194
19 227
19 229
19 239
19 240
19 248
19 252
19 270
19 271
19 275
19 282
19 287
19 290
19 292
19 303
19 322
19 345
19 350
19 355
19 362
19 365
19 367
19 380
19 385
19 386
19 392
19 400
19 404
19 405
19 411
19 417
19 424
19 431
19 441
19 455
19 470
19 488
19 522
19 538
19 549
19 551
19 553
19 576
19 584
19 603
19 613
19 627
19 632
19 635
19 639
19 672
19 677
19 678
19 684
19 713
19 748
19 758
19 761
19 764
20 22
20 23
20 24
20 30
20 36
20 37
20 43
20 44
20 48
20 52
20 59
20 63
20 64
20 67
20 69
20 70
20 71
20 74
20 75
20 79
20 81
20 83
20 87
20 90
20 99
20 110
20 118
20 133
20 135
20 142
20 148
20 151
20 156
20 159
20 168
20 187
20 196
20 202
20 212
20 213
20 215
20 217
20 223
20 239
20 244
20 254
20 262
20 263
20 270
20 278
20 279
20 291
20 292
20 294
20 295
20 300
20 316
20 321
20 341
20 347
20 361
20 370
20 380
20 387
20 388
20 406
20 415
20 418
20 423
20 434
20 439
20 449
20 471
20 482
20 511
20 520
20 554
20 555
20 580
20 585
20 591
20 596
20 615
20 635
20 651
20 668
20 689
20 694
20 701
20 724
20 731
20 787
21 23
21 24
21 26
21 28
21 33
21 34
21 35
21 36
21 37
21 38
21 39
21 40
21 41
21 45
21 51
21 55
21 57
21 62
21 63
21 70
21 71
21 73
21 76
21 77
21 78
21 81
21 85
21 89
21 92
21 108
21 111
21 112
21 114
21 115
21 120
21 121
21 122
21 124
21 126
21 128
21 130
21 131
21 133
21 139
21 147
21 148
21 152
21 157
21 159
21 166
21 175
21 179
21 201
21 213
21 221
21 225
21 227
21 233
21 240
21 252
21 265
21 267
21 268
21 272
21 280
21 285
21 329
21 345
21 354
21 359
21 371
21 373
21 398
21 400
21 402
21 404
21 430
21 433
21 442
21 446
21 460
21 478
21 479
21 482
21 503
21 507
21 523
21 528
21 537
21 540
21 543
21 544
21 559
21 560
21 563
21 602
21 607
21 618
21 635
21 639
21 641
21 648
21 664
21 668
21 684
21 687
21 698
21 724
21 727
21 730
21 742
21 747
21 760
21 764
21 789
21 793
22 23
22 24
22 25
22 26
22 27
22 29
22 31
22 32
22 38
22 40
22 41
22 43
22 45
22 50
22 52
22 54
22 55
22 59
22 61
22 66
22 67
22 72
22 76
22 78
22 80
22 83
22 86
22 93
22 101
22 105
22 106
22 108
22 113
22 117
22 119
22 121
22 122
22 125
22 126
22 127
22 135
22 159
22 164
22 169
22 180
22 184
22 197
22 204
22 206
22 219
22 220
22 221
22 228
22 231
22 233
22 248
22 254
22 257
22 265
22 273
22 278
22 283
22 286
22 294
22 302
22 303
22 305
22 315
22 320
22 325
22 327
22 330
22 331
22 334
22 336
22 343
22 383
22 384
22 399
22 402
22 407
22 408
22 421
22 422
22 426
22 429
22 432
22 441
22 455
22 462
22 471
22 472
22 487
22 506
22 508
22 511
22 513
22 515
22 532
22 536
22 541
22 560
22 598
22 599
22 607
22 612
22 632
22 639
22 649
22 659
22 679
22 688
22 709
22 719
22 752
22 757
22 774
22 785
23 24
23 26
23 27
23 28
23 29
23 30
23 38
23 42
23 46
23 47
23 52
23 53
23 58
23 62
23 70
23 72
23 73
23 75
23 77
23 84
23 85
23 89
23 97
23 100
23 106
23 108
23 112
23 122
23 123
23 132
23 142
23 158
23 164
23 165
23 190
23 192
23 194
23 197
23 206
23 218
23 222
23 224
23 226
23 231
23 239
23 242
23 243
23 245
23 255
23 273
23 282
23 288
23 305
23 326
23 335
23 341
23 344
23 351
23 352
23 358
23 380
23 382
23 383
23 392
23 400
23 411
23 413
23 419
23 426
23 430
23 432
23 449
23 452
23 474
23 482
23 494
23 509
23 532
23 535
23 536
23 551
23 555
23 587
23 607
23 613
23 631
23 636
23 657
23 665
23 689
23 696
23 699
23 700
23 714
23 720
23 722
23 758
23 768
23 783
23 798
24 25
24 29
24 35
24 44
24 46
24 47
24 52
24 55
24 60
24 68
24 89
24 116
24 123
24 136
24 138
24 139
24 146
24 158
24 165
24 173
24 180
24 187
24 199
24 202
24 220
24 234
24 237
24 254
24 258
24 262
24 286
24 290
24 293
24 302
24 304
24 308
24 330
24 362
24 369
24 371
24 374
24 375
24 405
24 422
24 426
24 446
24 468
24 501
24 508
24 608
24 609
24 630
24 632
24 639
24 654
24 655
24 658
24 661
24 671
24 679
24 681
24 688
24 732
24 757
24 763
24 770
24 786
25 26
25 27
25 28
25 31
25 32
25 33
25 34
25 35
25 37
25 42
25 48
25 51
25 53
25 57
25 58
25 61
25 62
25 66
25 74
25 76
25 82
25 83
25 86
25 89
25 90
25 92
25 95
25 99
25 100
25 105
25 115
25 125
25 128
25 136
25 152
25 154
25 164
25 170
25 181
25 207
25 208
25 216
25 217
25 233
25 236
25 250
25 270
25 271
25 276
25 279
25 280
25 298
25 299
25 300
25 314
25 320
25 329
25 340
25 346
25 365
25 369
25 375
25 381
25 398
25 428
25 463
25 471
25 472
25 477
25 488
25 503
25 510
25 513
25 522
25 533
25 557
25 586
25 591
25 601
25 639
25 640
25 644
25 657
25 659
25 691
25 710
25 713
25 768
25 794
26 27
26 28
26 29
26 31
26 33
26 34
26 37
26 41
26 42
26 46
26 47
26 52
26 54
26 55
26 59
26 68
26 74
26 75
26 82
26 108
26 112
26 118
26 122
26 131
26 140
26 141
26 145
26 155
26 166
26 202
26 205
26 212
26 214
26 216
26 232
26 237
26 245
26 247
26 250
26 263
26 284
26 291
26 295
26 303
26 316
26 327
26 353
26 366
26 368
26 373
26 393
26 396
26 403
26 463
26 475
26 482
26 491
26 503
26 517
26 524
26 548
26 552
26 571
26 580
26 655
26 701
26 704
26 724
26 729
26 736
26 739
26 770
26 790
26 794
27 67
27 74
27 77
27 78
27 102
27 115
27 118
27 128
27 134
27 135
27 139
27 143
27 162
27 168
27 171
27 175
27 184
27 186
27 193
27 195
27 204
27 207
27 233
27 245
27 250
27 261
27 262
27 278
27 292
27 307
27 315
27 329
27 332
27 336
27 388
27 391
27 399
27 404
27 405
27 429
27 436
27 457
27 480
27 508
27 531
27 559
27 578
27 619
27 650
27 660
27 667
27 682
27 704
27 725
27 745
27 757
27 761
27 783
27 789
28 29
28 35
28 38
28 39
28 46
28 47
28 71
28 72
28 78
28 81
28 88
28 95
28 101
28 107
28 113
28 123
28 124
28 127
28 130
28 131
28 143
28 147
28 153
28 155
28 167
28 168
28 173
28 187
28 192
28 204
28 208
28 209
28 226
28 229
28 235
28 238
28 250
28 255
28 269
28 281
28 285
28 302
28 332
28 344
28 345
28 363
28 372
28 375
28 381
28 396
28 400
28 429
28 480
28 491
28 494
28 500
28 516
28 525
28 538
28 541
28 574
28 577
28 593
28 617
28 626
28 641
28 691
28 712
28 720
28 744
28 760
28 771
29 31
29 34
29 38
29 52
29 58
29 61
29 62
29 64
29 65
29 66
29 74
29 80
29 87
29 90
29 91
29 103
29 104
29 105
29 107
29 109
29 116
29 117
29 119
29 120
29 121
29 142
29 149
29 156
29 161
29 169
29 175
29 184
29 186
29 189
29 190
29 196
29 203
29 213
29 214
29 220
29 234
29 236
29 244
29 245
29 254
29 259
29 262
29 274
29 275
29 277
29 291
29 299
29 304
29 316
29 323
29 350
29 378
29 382
29 415
29 419
29 422
29 425
29 428
29 432
29 462
29 473
29 493
29 494
29 500
29 511
29 536
29 547
29 583
29 618
29 643
29 644
29 647
29 671
29 674
29 703
29 736
29 737
29 756
29 780
29 791
29 798
30 31
30 32
30 43
30 48
30 53
30 66
30 68
30 73
30 81
30 83
30 88
30 90
30 98
30 102
30 114
30 124
30 140
30 145
30 146
30 198
30 199
30 208
30 211
30 214
30 219
30 221
30 241
30 243
30 249
30 256
30 293
30 295
30 300
30 304
30 305
30 309
30 333
30 377
30 381
30 427
30 432
30 442
30 451
30 512
30 515
30 526
30 556
30 557
30 598
30 600
30 624
30 633
30 634
30 642
30 649
30 668
30 669
30 707
30 719
30 723
30 737
30 740
30 746
30 747
30 753
30 773
30 785
30 792
31 33
31 51
31 61
31 69
31 86
31 90
31 92
31 93
31 109
31 127
31 154
31 164
31 181
31 195
31 235
31 267
31 328
31 379
31 448
31 480
31 489
31 492
31 524
31 528
31 600
31 622
31 629
31 675
31 676
31 706
31 713
31 764
32 33
32 34
32 35
32 40
32 43
32 50
32 51
32 54
32 55
32 56
32 59
32 63
32 68
32 81
32 90
32 91
32 98
32 100
32 129
32 137
32 143
32 156
32 163
32 165
32 174
32 182
32 187
32 192
32 194
32 205
32 220
32 226
32 227
32 228
32 231
32 250
32 259
32 286
32 305
32 315
32 328
32 329
32 334
32 335
32 378
32 385
32 395
32 428
32 435
32 437
32 439
32 455
32 465
32 478
32 502
32 521
32 525
32 547
32 548
32 566
32 574
32 582
32 603
32 635
32 676
32 683
32 705
32 711
32 760
32 773
33 44
33 48
33 61
33 64
33 71
33 88
33 93
33 94
33 110
33 111
33 123
33 139
33 162
33 171
33 174
33 203
33 237
33 264
33 294
33 319
33 328
33 332
33 333
33 382
33 386
33 410
33 414
33 439
33 445
33 455
33 481
33 482
33 508
33 551
33 559
33 563
33 567
33 570
33 593
33 618
33 663
33 667
33 674
33 743
33 773
34 36
34 41
34 46
34 49
34 55
34 56
34 62
34 71
34 75
34 89
34 95
34 103
34 104
34 109
34 117
34 126
34 127
34 131
34 142
34 149
34 158
34 161
34 185
34 193
34 200
34 201
34 212
34 213
34 218
34 251
34 253
34 257
34 262
34 266
34 268
34 316
34 321
34 322
34 326
34 337
34 339
34 341
34 379
34 393
34 429
34 462
34 476
34 486
34 510
34 522
34 535
34 558
34 571
34 572
34 627
34 642
34 668
34 690
35 38
35 42
35 44
35 51
35 52
35 56
35 59
35 63
35 68
35 70
35 74
35 84
35 92
35 102
35 103
35 106
35 107
35 113
35 125
35 128
35 136
35 151
35 156
35 158
35 160
35 164
35 166
35 167
35 169
35 173
35 183
35 191
35 192
35 205
35 208
35 214
35 215
35 234
35 248
35 249
35 265
35 269
35 278
35 282
35 284
35 291
35 295
35 298
35 301
35 314
35 318
35 328
35 338
35 341
35 345
35 358
35 389
35 400
35 401
35 444
35 461
35 463
35 464
35 476
35 488
35 492
35 496
35 513
35 534
35 557
35 561
35 589
35 598
35 608
35 616
35 634
35 646
35 661
35 662
35 680
35 686
35 687
35 729
35 748
36 47
36 58
36 60
36 63
36 64
36 70
36 82
36 93
36 99
36 115
36 120
36 129
36 134
36 155
36 161
36 175
36 177
36 207
36 214
36 223
36 224
36 231
36 246
36 255
36 268
36 280
36 296
36 324
36 327
36 339
36 363
36 370
36 371
36 381
36 390
36 432
36 477
36 509
36 542
36 549
36 563
36 618
36 647
36 655
36 679
36 682
36 684
36 742
36 750
36 751
36 770
36 778
36 780
36 783
36 796
37 39
37 40
37 42
37 45
37 49
37 60
37 64
37 73
37 75
37 82
37 109
37 120
37 137
37 145
37 152
37 214
37 215
37 220
37 230
37 235
37 240
37 259
37 260
37 267
37 279
37 298
37 305
37 341
37 356
37 372
37 379
37 420
37 469
37 478
37 503
37 519
37 529
37 530
37 601
37 627
37 653
37 690
37 701
37 705
37 737
37 755
37 793
38 40
38 41
38 45
38 46
38 47
38 50
38 52
38 53
38 67
38 75
38 79
38 85
38 92
38 102
38 109
38 111
38 112
38 115
38 116
38 119
38 142
38 143
38 151
38 156
38 157
38 168
38 187
38 188
38 230
38 233
38 239
38 248
38 278
38 294
38 301
38 306
38 308
38 322
38 342
38 352
38 366
38 379
38 383
38 393
38 415
38 427
38 456
38 467
38 478
38 485
38 490
38 524
38 552
38 583
38 589
38 646
38 667
38 668
38 692
38 695
38 776
39 60
39 71
39 106
39 114
39 118
39 119
39 172
39 184
39 186
39 249
39 272
39 310
39 313
39 319
39 349
39 351
39 354
39 368
39 448
39 497
39 507
39 537
39 750
39 767
39 776
40 42
40 43
40 44
40 45
40 46
40 48
40 50
40 53
40 57
40 59
40 60
40 70
40 78
40 81
40 94
40 95
40 97
40 101
40 122
40 128
40 138
40 141
40 148
40 175
40 177
40 178
40 187
40 203
40 225
40 235
40 240
40 250
40 257
40 269
40 289
40 300
40 307
40 324
40 343
40 351
40 363
40 381
40 391
40 398
40 474
40 487
40 488
40 502
40 506
40 508
40 517
40 519
40 544
40 552
40 555
40 567
40 587
40 610
40 627
40 660
40 680
40 701
40 703
40 718
40 720
40 734
40 747
40 751
40 761
40 762
41 46
41 55
41 56
41 57
41 58
41 69
41 82
41 88
41 94
41 97
41 103
41 104
41 105
41 107
41 116
41 127
41 144
41 159
41 166
41 179
41 181
41 189
41 194
41 197
41 206
41 209
41 218
41 233
41 263
41 272
41 279
41 292
41 337
41 343
41 351
41 384
41 394
41 395
41 396
41 438
41 451
41 478
41 490
41 492
41 497
41 499
41 524
41 547
41 558
41 569
41 580
41 581
41 586
41 594
41 596
41 618
41 628
41 662
41 664
41 721
41 743
41 771
41 799
42 47
42 54
42 55
42 67
42 73
42 78
42 80
42 85
42 88
42 97
42 117
42 123
42 126
42 136
42 148
42 167
42 173
42 184
42 201
42 219
42 241
42 242
42 256
42 308
42 343
42 357
42 424
42 436
42 453
42 459
42 470
42 505
42 514
42 534
42 549
42 592
42 613
42 627
42 659
42 695
42 704
42 717
42 721
42 733
42 744
42 770
43 54
43 55
43 62
43 96
43 98
43 102
43 111
43 117
43 118
43 131
43 138
43 141
43 149
43 154
43 177
43 180
43 184
43 218
43 277
43 278
43 301
43 314
43 321
43 329
43 332
43 361
43 363
43 375
43 376
43 387
43 398
43 408
43 457
43 499
43 504
43 539
43 612
43 618
43 638
43 647
43 648
43 672
43 683
43 699
43 706
43 713
43 758
43 760
43 761
43 765
43 771
43 783
44 45
44 46
44 51
44 57
44 65
44 66
44 81
44 83
44 108
44 110
44 120
44 145
44 151
44 155
44 156
44 204
44 210
44 219
44 226
44 238
44 253
44 261
44 273
44 291
44 317
44 333
44 342
44 349
44 364
44 382
44 387
44 403
44 425
44 431
44 440
44 444
44 453
44 505
44 524
44 526
44 535
44 553
44 568
44 596
44 605
44 606
44 656
44 669
44 702
44 773
44 786
45 65
45 71
45 92
45 98
45 99
45 114
45 143
45 156
45 161
45 182
45 183
45 208
45 209
45 210
45 267
45 268
45 293
45 301
45 304
45 305
45 351
45 352
45 367
45 379
45 386
45 400
45 401
45 409
45 436
45 463
45 466
45 511
45 513
45 553
45 558
45 563
45 617
45 629
45 643
45 656
45 690
45 695
45 720
45 743
46 47
46 60
46 69
46 72
46 73
46 78
46 84
46 100
46 112
46 126
46 133
46 144
46 145
46 147
46 150
46 156
46 167
46 194
46 214
46 221
46 227
46 228
46 235
46 236
46 242
46 245
46 257
46 260
46 264
46 269
46 274
46 279
46 311
46 361
46 410
46 411
46 414
46 416
46 424
46 435
46 436
46 447
46 460
46 489
46 509
46 527
46 549
46 556
46 562
46 599
46 609
46 624
46 686
46 700
46 761
46 769
47 49
47 52
47 56
47 61
47 64
47 75
47 76
47 88
47 91
47 100
47 109
47 110
47 111
47 122
47 130
47 132
47 149
47 150
47 158
47 160
47 197
47 198
47 204
47 243
47 247
47 249
47 257
47 268
47 275
47 308
47 325
47 368
47 371
47 375
47 388
47 402
47 434
47 448
47 498
47 511
47 552
47 653
47 674
47 678
47 703
47 719
47 756
47 766
47 776
48 52
48 58
48 61
48 62
48 63
48 64
48 66
48 84
48 86
48 104
48 120
48 121
48 124
48 130
48 150
48 176
48 200
48 207
48 249
48 264
48 265
48 289
48 310
48 311
48 314
48 338
48 341
48 376
48 390
48 450
48 455
48 494
48 498
48 511
48 533
48 545
48 567
48 590
48 607
48 622
48 631
48 655
48 694
48 725
48 783
48 795
49 53
49 54
49 56
49 60
49 61
49 70
49 76
49 77
49 80
49 86
49 89
49 103
49 119
49 125
49 134
49 147
49 157
49 165
49 186
49 246
49 255
49 357
49 365
49 402
49 418
49 433
49 438
49 454
49 488
49 490
49 518
49 526
49 553
49 570
49 620
49 624
49 625
49 627
49 628
49 695
49 723
49 760
49 798
50 51
50 56
50 57
50 65
50 68
50 73
50 76
50 102
50 126
50 127
50 131
50 132
50 158
50 159
50 173
50 174
50 175
50 178
50 183
50 197
50 201
50 206
50 209
50 215
50 228
50 277
50 297
50 312
50 315
50 340
50 344
50 423
50 425
50 443
50 452
50 506
50 518
50 563
50 594
50 595
50 657
50 716
50 719
50 732
50 747
50 755
50 774
51 56
51 63
51 69
51 70
51 76
51 86
51 93
51 98
51 103
51 115
51 119
51 129
51 132
51 135
51 136
51 157
51 158
51 222
51 225
51 227
51 243
51 244
51 249
51 259
51 282
51 299
51 309
51 349
51 384
51 388
51 409
51 428
51 450
51 459
51 474
51 508
51 509
51 523
51 541
51 564
51 576
51 585
51 590
51 600
51 607
51 660
51 690
51 694
51 698
51 710
51 711
51 713
51 769
51 783
51 790
52 62
52 63
52 68
52 73
52 76
52 95
52 113
52 114
52 134
52 141
52 142
52 174
52 179
52 194
52 197
52 223
52 251
52 281
52 325
52 326
52 332
52 370
52 375
52 382
52 390
52 407
52 434
52 447
52 461
52 485
52 502
52 509
52 591
52 613
52 624
52 626
52 657
52 756
52 764
52 769
53 56
53 61
53 79
53 171
53 179
53 237
53 292
53 299
53 380
53 408
53 434
53 561
53 584
53 643
53 657
53 658
53 759
53 797
54 57
54 72
54 77
54 83
54 87
54 90
54 124
54 139
54 142
54 152
54 173
54 176
54 202
54 210
54 212
54 224
54 228
54 241
54 256
54 261
54 281
54 297
54 335
54 351
54 374
54 416
54 451
54 465
54 472
54 527
54 553
54 614
54 621
54 631
54 636
54 657
54 665
54 711
54 726
54 746
54 799
55 67
55 70
55 71
55 78
55 97
55 98
55 100
55 105
55 116
55 120
55 123
55 162
55 171
55 173
55 177
55 182
55 213
55 224
55 225
55 232
55 246
55 279
55 284
55 300
55 338
55 415
55 434
55 503
55 520
55 583
55 598
55 604
55 644
55 737
56 64
56 80
56 92
56 93
56 109
56 136
56 175
56 185
56 210
56 231
56 290
56 371
56 398
56 454
56 489
56 515
56 554
56 589
56 637
56 711
56 731
56 793
57 59
57 66
57 71
57 86
57 91
57 93
57 99
57 106
57 108
57 114
57 143
57 207
57 221
57 245
57 247
57 255
57 256
57 306
57 307
57 321
57 377
57 432
57 471
57 477
57 480
57 506
57 514
57 525
57 614
57 622
57 642
57 662
57 681
57 710
57 715
57 772
58 71
58 89
58 94
58 106
58 115
58 116
58 117
58 122
58 128
58 143
58 147
58 148
58 150
58 155
58 190
58 196
58 209
58 212
58 219
58 228
58 246
58 249
58 250
58 304
58 325
58 339
58 343
58 345
58 384
58 404
58 406
58 411
58 435
58 441
58 504
58 518
58 567
58 588
58 595
58 606
58 675
58 682
58 714
58 721
58 735
58 744
58 760
58 771
58 775
59 73
59 80
59 95
59 96
59 110
59 156
59 178
59 203
59 217
59 229
59 235
59 241
59 258
59 261
59 272
59 283
59 289
59 292
59 313
59 330
59 341
59 369
59 403
59 418
59 429
59 497
59 525
59 536
59 570
59 597
59 603
59 605
59 611
59 661
59 711
59 726
59 741
59 779
60 64
60 67
60 85
60 105
60 140
60 145
60 218
60 221
60 222
60 232
60 270
60 297
60 320
60 343
60 345
60 431
60 447
60 463
60 537
60 580
60 633
60 749
60 785
61 67
61 72
61 78
61 79
61 107
61 120
61 138
61 176
61 180
61 191
61 204
61 217
61 249
61 261
61 307
61 313
61 356
61 397
61 407
61 437
61 451
61 483
61 485
61 491
61 533
61 554
61 559
61 584
61 639
61 652
61 685
61 687
61 692
61 721
61 730
61 752
62 65
62 68
62 80
62 85
62 87
62 90
62 91
62 98
62 101
62 106
62 113
62 114
62 121
62 127
62 132
62 140
62 144
62 159
62 173
62 181
62 211
62 218
62 226
62 244
62 274
62 295
62 347
62 440
62 463
62 471
62 486
62 489
62 534
62 542
62 573
62 630
62 669
62 671
62 706
63 75
63 81
63 82
63 89
63 91
63 96
63 113
63 115
63 117
63 118
63 135
63 136
63 159
63 214
63 217
63 236
63 246
63 249
63 251
63 253
63 256
63 261
63 285
63 292
63 316
63 358
63 373
63 374
63 383
63 391
63 393
63 399
63 401
63 429
63 460
63 466
63 481
63 508
63 515
63 571
63 603
63 617
63 728
63 731
63 798
64 66
64 69
64 74
64 75
64 81
64 88
64 102
64 110
64 133
64 137
64 141
64 163
64 165
64 169
64 180
64 299
64 303
64 310
64 336
64 342
64 353
64 354
64 355
64 364
64 397
64 407
64 416
64 440
64 443
64 444
64 449
64 473
64 533
64 546
64 550
64 551
64 560
64 565
64 573
64 575
64 605
64 631
64 681
64 693
64 699
64 711
64 794
64 796
65 84
65 86
65 93
65 94
65 95
65 125
65 153
65 166
65 168
65 182
65 186
65 188
65 195
65 209
65 226
65 228
65 272
65 275
65 288
65 334
65 338
65 347
65 352
65 353
65 377
65 398
65 402
65 406
65 416
65 423
65 455
65 459
65 460
65 462
65 468
65 495
65 538
65 550
65 575
65 589
65 596
65 598
65 599
65 673
65 694
65 700
65 703
65 724
65 749
66 84
66 92
66 94
66 107
66 109
66 113
66 114
66 121
66 128
66 129
66 130
66 147
66 148
66 149
66 154
66 158
66 160
66 161
66 187
66 196
66 198
66 208
66 210
66 213
66 215
66 259
66 260
66 265
66 268
66 281
66 300
66 302
66 346
66 363
66 374
66 376
66 384
66 385
66 403
66 423
66 426
66 456
66 461
66 466
66 521
66 556
66 565
66 583
66 602
66 619
66 628
66 629
66 653
66 674
66 679
66 683
66 692
66 693
66 712
66 728
66 735
66 736
66 792
66 797
67 74
67 80
67 93
67 114
67 132
67 145
67 158
67 191
67 196
67 210
67 217
67 219
67 239
67 241
67 250
67 258
67 263
67 266
67 280
67 296
67 300
67 318
67 386
67 389
67 427
67 466
67 485
67 555
67 563
67 596
67 715
68 69
68 70
68 74
68 75
68 76
68 88
68 96
68 106
68 126
68 140
68 152
68 170
68 176
68 180
68 183
68 212
68 227
68 229
68 232
68 238
68 281
68 298
68 412
68 487
68 490
68 507
68 510
68 516
68 531
68 641
68 653
68 726
68 729
68 739
68 758
69 105
69 141
69 171
69 193
69 198
69 204
69 236
69 251
69 278
69 292
69 307
69 315
69 333
69 371
69 383
69 425
69 428
69 455
69 468
69 495
69 500
69 514
69 559
69 560
69 583
69 685
69 700
69 734
69 751
69 756
69 763
70 86
70 96
70 101
70 130
70 133
70 172
70 174
70 203
70 211
70 221
70 234
70 246
70 299
70 302
70 349
70 355
70 367
70 368
70 389
70 461
70 477
70 479
70 561
70 569
70 574
70 575
70 766
71 81
71 112
71 149
71 162
71 171
71 176
71 199
71 204
71 215
71 241
71 252
71 254
71 263
71 320
71 376
71 413
71 421
71 460
71 461
71 515
71 616
71 648
71 715
71 760
72 84
72 98
72 102
72 112
72 150
72 153
72 155
72 195
72 260
72 287
72 327
72 337
72 359
72 437
72 468
72 502
72 791
73 79
73 88
73 123
73 135
73 137
73 162
73 168
73 172
73 203
73 338
73 346
73 373
73 503
73 507
73 540
73 557
73 562
73 605
73 709
73 737
73 781
73 799
74 80
74 82
74 86
74 100
74 138
74 148
74 162
74 170
74 201
74 223
74 282
74 283
74 287
74 288
74 300
74 331
74 332
74 334
74 340
74 405
74 445
74 498
74 556
74 579
74 581
74 672
74 712
74 745
74 774
75 84
75 87
75 125
75 144
75 154
75 177
75 205
75 342
75 381
75 389
75 396
75 400
75 429
75 469
75 556
75 570
75 585
75 593
75 649
75 791
76 77
76 89
76 95
76 97
76 103
76 105
76 109
76 116
76 137
76 149
76 157
76 197
76 229
76 230
76 238
76 253
76 286
76 299
76 316
76 335
76 347
76 352
76 372
76 395
76 448
76 458
76 462
76 546
76 587
76 588
76 611
76 643
76 661
76 685
76 697
76 713
76 732
76 762
76 772
76 777
76 787
77 79
77 89
77 104
77 116
77 125
77 186
77 189
77 229
77 256
77 268
77 269
77 304
77 317
77 352
77 359
77 371
77 382
77 424
77 453
77 460
77 512
77 520
77 521
77 544
77 696
77 710
77 734
77 750
77 751
77 769
77 771
77 784
78 130
78 171
78 175
78 200
78 210
78 217
78 260
78 299
78 353
78 406
78 434
78 480
78 481
78 518
78 551
78 596
78 612
78 654
78 721
78 749
78 775
78 798
79 114
79 163
79 186
79 188
79 189
79 190
79 191
79 217
79 219
79 222
79 224
79 257
79 261
79 266
79 267
79 289
79 307
79 336
79 338
79 372
79 385
79 411
79 422
79 433
79 435
79 447
79 449
79 475
79 542
79 566
79 590
79 601
79 607
79 662
79 676
79 686
79 725
79 753
79 769
79 780
79 797
80 86
80 95
80 107
80 117
80 144
80 154
80 183
80 186
80 201
80 211
80 218
80 227
80 335
80 338
80 363
80 396
80 408
80 424
80 447
80 460
80 463
80 476
80 481
80 501
80 588
80 628
80 666
80 769
80 791
81 85
81 113
81 121
81 127
81 133
81 141
81 151
81 160
81 165
81 169
81 182
81 188
81 205
81 206
81 243
81 254
81 257
81 290
81 373
81 465
81 467
81 494
81 500
81 504
81 531
81 539
81 545
81 555
81 576
81 594
81 620
81 621
81 626
81 632
81 638
81 704
81 760
81 798
82 83
82 84
82 85
82 91
82 92
82 93
82 97
82 102
82 123
82 133
82 138
82 143
82 146
82 153
82 162
82 176
82 189
82 202
82 209
82 211
82 232
82 235
82 240
82 259
82 274
82 276
82 305
82 325
82 328
82 444
82 453
82 464
82 470
82 487
82 552
82 563
82 566
82 637
82 640
82 650
82 659
82 703
82 739
82 774
82 784
83 107
83 116
83 172
83 223
83 239
83 291
83 314
83 338
83 357
83 414
83 416
83 432
83 529
83 558
83 582
83 598
83 628
83 778
84 104
84 136
84 154
84 160
84 250
84 285
84 289
84 304
84 406
84 410
84 444
84 447
84 528
84 578
84 587
85 96
85 106
85 125
85 169
85 176
85 182
85 196
85 208
85 264
85 281
85 302
85 313
85 316
85 334
85 340
85 346
85 351
85 447
85 453
85 458
85 485
85 495
85 498
85 504
85 526
85 611
85 622
85 651
85 686
85 690
85 705
85 728
85 749
85 775
86 93
86 96
86 100
86 129
86 132
86 142
86 155
86 163
86 176
86 181
86 217
86 220
86 224
86 227
86 247
86 267
86 276
86 280
86 285
86 317
86 324
86 327
86 333
86 351
86 363
86 365
86 367
86 374
86 378
86 379
86 387
86 437
86 453
86 465
86 515
86 520
86 541
86 602
86 610
86 635
86 642
86 655
86 701
86 708
86 709
86 716
86 719
86 782
86 789
87 94
87 111
87 115
87 175
87 216
87 253
87 280
87 314
87 316
87 364
87 407
87 423
87 480
87 486
87 556
88 103
88 108
88 112
88 119
88 141
88 157
88 184
88 191
88 231
88 238
88 241
88 244
88 270
88 308
88 436
88 440
88 464
88 475
88 497
88 522
88 527
88 532
88 583
88 633
88 681
88 719
88 777
89 109
89 110
89 129
89 182
89 185
89 195
89 196
89 216
89 231
89 241
89 252
89 256
89 262
89 319
89 320
89 325
89 333
89 367
89 375
89 376
89 407
89 414
89 425
89 496
89 520
89 530
89 628
89 649
89 682
89 738
90 99
90 134
90 162
90 170
90 189
90 224
90 232
90 296
90 301
90 337
90 363
90 380
90 407
90 427
90 454
90 505
90 572
90 578
90 590
90 595
90 634
90 654
90 664
90 700
90 713
90 771
91 95
91 224
91 229
91 246
91 273
91 274
91 279
91 284
91 301
91 303
91 306
91 311
91 314
91 315
91 319
91 336
91 342
91 385
91 447
91 455
91 469
91 471
91 474
91 481
91 534
91 614
91 625
91 634
91 638
91 655
91 679
91 693
91 704
91 744
91 758
91 779
91 787
92 108
92 111
92 129
92 143
92 144
92 150
92 163
92 182
92 183
92 316
92 331
92 332
92 343
92 401
92 424
92 430
92 433
92 445
92 523
92 536
92 555
92 577
92 602
92 609
92 666
92 667
92 670
92 688
92 731
92 734
92 746
92 750
92 768
92 774
93 118
93 160
93 206
93 242
93 272
93 337
93 439
93 505
93 545
93 601
93 637
93 638
93 730
93 739
94 114
94 117
94 124
94 145
94 176
94 184
94 188
94 191
94 199
94 234
94 251
94 255
94 258
94 261
94 267
94 296
94 301
94 324
94 330
94 353
94 357
94 358
94 362
94 376
94 482
94 523
94 531
94 584
94 608
94 670
94 683
94 731
94 742
94 756
94 772
94 788
95 104
95 111
95 116
95 146
95 151
95 152
95 201
95 223
95 230
95 263
95 344
95 388
95 419
95 454
95 522
95 540
95 556
95 568
95 680
95 693
95 714
95 715
95 717
95 718
95 744
96 97
96 100
96 128
96 132
96 169
96 176
96 190
96 221
96 252
96 260
96 303
96 346
96 408
96 420
96 435
96 459
96 473
96 488
96 493
96 513
96 563
96 586
96 597
96 664
96 682
96 723
96 791
97 112
97 135
97 144
97 146
97 152
97 157
97 167
97 174
97 216
97 237
97 245
97 261
97 311
97 315
97 328
97 330
97 339
97 364
97 377
97 397
97 409
97 416
97 421
97 426
97 438
97 444
97 482
97 490
97 510
97 528
97 636
97 656
97 665
97 714
97 747
97 762
98 192
98 205
98 348
98 509
98 581
98 594
98 608
98 635
98 768
99 101
99 139
99 179
99 197
99 198
99 288
99 295
99 305
99 326
99 330
99 362
99 420
99 425
99 479
99 482
99 502
99 570
99 575
99 595
99 631
99 683
99 727
99 762
99 784
100 104
100 122
100 128
100 140
100 149
100 174
100 180
100 194
100 220
100 223
100 235
100 290
100 311
100 319
100 322
100 333
100 407
100 436
100 464
100 496
100 563
100 585
100 615
100 619
100 691
100 730
100 766
100 768
101 142
101 154
101 208
101 313
101 318
101 320
101 350
101 382
101 434
101 443
101 444
101 492
101 512
101 621
101 638
101 701
101 752
101 785
101 799
102 121
102 124
102 132
102 152
102 233
102 264
102 270
102 284
102 305
102 354
102 357
102 432
102 438
102 440
102 453
102 483
102 531
102 593
102 625
102 631
102 641
102 646
102 652
102 694
102 717
102 727
102 750
102 777
102 791
103 106
103 119
103 145
103 162
103 163
103 171
103 190
103 202
103 247
103 259
103 262
103 282
103 293
103 295
103 355
103 452
103 523
103 581
103 585
103 666
103 776
103 782
104 106
104 111
104 117
104 134
104 136
104 145
104 164
104 167
104 177
104 181
104 197
104 208
104 238
104 241
104 253
104 311
104 319
104 320
104 434
104 459
104 465
104 473
104 502
104 590
104 594
104 626
104 646
104 718
104 723
104 754
104 758
105 108
105 118
105 121
105 131
105 135
105 137
105 150
105 157
105 197
105 230
105 270
105 303
105 318
105 358
105 421
105 440
105 466
105 528
105 548
105 606
105 608
105 761
106 153
106 191
106 240
106 264
106 267
106 319
106 329
106 397
106 458
106 467
106 603
106 708
106 732
106 790
106 791
107 122
107 128
107 173
107 286
107 306
107 307
107 317
107 367
107 381
107 386
107 388
107 397
107 408
107 450
107 466
107 513
107 518
107 604
107 611
107 638
107 665
107 693
107 778
108 109
108 126
108 161
108 183
108 188
108 206
108 213
108 231
108 286
108 289
108 317
108 334
108 336
108 339
108 413
108 420
108 436
108 446
108 457
108 492
108 501
108 573
108 616
108 645
108 669
108 709
108 718
108 773
109 129
109 161
109 177
109 205
109 207
109 216
109 235
109 243
109 246
109 248
109 300
109 301
109 306
109 308
109 317
109 362
109 368
109 385
109 435
109 438
109 442
109 468
109 489
109 509
109 523
109 539
109 541
109 602
109 605
109 628
109 694
109 695
109 703
109 705
109 719
109 722
109 738
109 745
109 778
109 786
109 788
109 792
109 797
110 131
110 143
110 155
110 160
110 214
110 271
110 274
110 447
110 477
110 614
110 671
110 696
110 711
110 789
111 129
111 134
111 169
111 189
111 203
111 232
111 236
111 242
111 277
111 317
111 356
111 411
111 435
111 499
111 543
111 649
111 770
112 120
112 138
112 202
112 236
112 299
112 327
112 364
112 413
112 456
112 492
112 498
112 499
112 524
112 528
112 560
112 571
112 598
112 605
112 645
112 649
112 750
113 133
113 149
113 154
113 256
113 264
113 271
113 410
113 478
113 479
113 496
113 545
113 550
113 633
113 735
114 150
114 163
114 179
114 197
114 235
114 280
114 321
114 336
114 340
114 350
114 469
114 470
114 487
114 627
114 642
114 670
114 677
114 745
114 763
114 793
115 127
115 163
115 170
115 190
115 394
115 395
115 488
115 543
115 595
115 634
115 640
115 646
116 135
116 146
116 167
116 172
116 198
116 237
116 238
116 281
116 313
116 332
116 350
116 364
116 366
116 370
116 387
116 408
116 409
116 418
116 431
116 445
116 454
116 464
116 495
116 505
116 507
116 526
116 621
116 628
116 729
116 754
116 784
117 123
117 130
117 139
117 140
117 141
117 168
117 185
117 188
117 193
117 229
117 253
117 276
117 322
117 407
117 414
117 485
117 502
117 504
117 615
117 635
117 739
117 753
117 766
118 128
118 175
118 177
118 205
118 244
118 295
118 368
118 417
118 419
118 459
118 512
118 539
118 569
118 581
118 590
118 623
118 632
118 637
118 642
118 682
118 741
118 796
119 127
119 146
119 160
119 168
119 178
119 188
119 192
119 194
119 201
119 226
119 228
119 255
119 273
119 289
119 297
119 340
119 480
119 542
119 547
119 629
119 707
119 709
119 715
119 797
120 121
120 142
120 149
120 151
120 152
120 159
120 178
120 179
120 194
120 206
120 257
120 284
120 322
120 385
120 414
120 468
120 499
120 514
120 515
120 544
120 601
120 612
120 619
120 696
120 733
121 124
121 136
121 163
121 167
121 172
121 181
121 183
121 255
121 258
121 265
121 272
121 287
121 358
121 378
121 393
121 412
121 466
121 476
121 505
121 521
121 532
121 534
121 543
121 693
121 776
122 144
122 182
122 190
122 223
122 280
122 317
122 364
122 415
122 424
122 478
122 555
122 562
122 586
122 658
123 150
123 151
123 193
123 196
123 218
123 231
123 244
123 284
123 298
123 325
123 336
123 337
123 423
123 467
123 495
123 705
123 770
124 133
124 155
124 167
124 191
124 193
124 213
124 285
124 290
124 306
124 310
124 320
124 385
124 486
124 515
124 544
124 565
124 619
124 621
124 643
124 687
125 144
125 162
125 167
125 284
125 321
125 338
125 394
125 476
125 529
125 708
125 745
125 757
126 139
126 146
126 156
126 159
126 177
126 210
126 211
126 241
126 244
126 270
126 295
126 315
126 349
126 404
126 410
126 419
126 446
126 474
126 481
126 485
126 498
126 506
126 562
126 573
126 592
126 606
126 623
126 632
126 652
126 654
126 726
126 760
126 767
127 134
127 137
127 156
127 169
127 196
127 212
127 217
127 339
127 351
127 365
127 389
127 394
127 465
127 483
127 558
127 663
127 671
127 725
127 738
127 745
127 777
128 132
128 155
128 178
128 182
128 187
128 198
128 225
128 238
128 247
128 273
128 330
128 357
128 366
128 402
128 499
128 537
128 574
128 640
128 707
128 724
128 728
128 748
128 781
129 137
129 177
129 193
129 196
129 223
129 224
129 273
129 306
129 343
129 348
129 392
129 396
129 413
129 437
129 504
129 577
129 636
129 652
129 751
129 753
129 763
130 163
130 203
130 244
130 283
130 284
130 359
130 446
130 473
130 474
130 483
130 550
130 704
131 140
131 161
131 187
131 226
131 230
131 245
131 274
131 275
131 280
131 357
131 426
131 483
131 487
131 529
131 560
131 575
131 609
131 634
131 674
132 146
132 147
132 165
132 205
132 210
132 227
132 232
132 294
132 653
132 739
133 169
133 173
133 174
133 255
133 288
133 352
133 354
133 362
133 374
133 399
133 416
133 434
133 448
133 469
133 470
133 501
133 521
133 526
133 578
133 588
133 592
133 626
133 700
133 776
133 799
134 165
134 266
134 348
134 366
134 381
134 404
134 425
134 459
134 484
134 542
134 543
134 564
134 593
134 637
134 683
135 163
135 184
135 314
135 412
135 438
135 509
135 562
135 587
135 605
135 700
136 148
136 200
136 253
136 331
136 420
136 444
136 608
137 151
137 211
137 258
137 298
137 355
137 362
137 391
137 454
137 462
137 474
137 564
137 598
137 718
138 158
138 211
138 243
138 274
138 276
138 288
138 342
138 377
138 381
138 407
138 416
138 436
138 470
138 507
138 591
138 725
138 737
138 766
138 792
139 140
139 203
139 216
139 234
139 274
139 346
139 366
139 377
139 492
139 504
139 565
140 178
140 192
140 205
140 266
140 283
140 291
140 293
140 302
140 312
140 337
140 454
140 475
140 679
140 723
140 735
140 765
141 186
141 193
141 196
141 201
141 220
141 284
141 408
141 472
141 490
141 495
141 498
141 524
141 623
141 648
141 656
142 148
142 168
142 171
142 181
142 218
142 411
142 431
142 678
142 724
142 780
142 795
143 161
143 170
143 178
143 179
143 185
143 218
143 224
143 231
143 274
143 291
143 320
143 321
143 327
143 337
143 360
143 364
143 366
143 367
143 369
143 370
143 378
143 390
143 405
143 448
143 470
143 490
143 500
143 515
143 569
143 570
143 598
143 625
143 647
143 669
143 779
144 160
144 161
144 165
144 220
144 229
144 293
144 360
144 413
144 454
144 588
144 718
144 748
144 767
145 192
145 222
145 328
145 395
145 406
145 446
145 452
145 511
145 538
145 681
145 698
145 726
146 179
146 188
146 219
146 220
146 237
146 256
146 273
146 287
146 293
146 297
146 322
146 330
146 372
146 456
146 462
146 545
146 549
146 567
146 626
146 629
146 638
146 731
146 748
146 763
146 785
147 150
147 153
147 169
147 171
147 185
147 189
147 195
147 199
147 218
147 225
147 230
147 331
147 333
147 382
147 383
147 422
147 430
147 550
147 680
147 701
147 731
148 159
148 166
148 321
148 542
148 579
148 693
148 708
148 779
149 174
149 281
149 286
149 344
149 346
149 362
149 380
149 533
149 550
149 552
149 562
149 648
149 675
149 688
149 718
149 777
150 153
150 200
150 201
150 213
150 232
150 246
150 263
150 277
150 278
150 286
150 358
150 439
150 477
150 486
150 518
150 561
150 618
150 620
150 621
150 686
150 702
150 733
150 735
150 743
150 763
150 767
151 193
151 216
151 227
151 240
151 249
151 261
151 286
151 309
151 380
151 521
151 662
151 703
152 170
152 177
152 178
152 184
152 192
152 259
152 283
152 303
152 355
152 384
152 392
152 399
152 403
152 466
152 477
152 502
152 519
152 530
152 537
152 572
152 678
152 728
153 184
153 185
153 196
153 204
153 208
153 233
153 283
153 365
153 387
153 413
153 417
153 490
153 497
153 567
153 588
153 635
153 683
153 687
153 718
153 729
154 199
154 258
154 260
154 356
154 439
154 534
154 544
154 575
154 615
154 649
155 165
155 176
155 260
155 311
155 329
155 417
155 420
155 459
155 506
155 530
155 604
155 622
155 623
155 652
155 662
155 709
155 716
155 793
156 168
156 186
156 191
156 228
156 290
156 384
156 387
156 456
156 492
156 537
156 558
156 566
156 584
156 617
156 626
156 663
156 668
156 756
156 771
157 168
157 172
157 186
157 202
157 216
157 263
157 304
157 309
157 345
157 409
157 469
157 561
157 563
157 610
157 627
157 643
157 717
158 175
158 192
158 212
158 310
158 311
158 334
158 358
158 390
158 392
158 424
158 442
158 455
158 510
158 520
158 610
158 611
158 630
158 755
158 791
159 180
159 188
159 232
159 254
159 315
159 344
159 415
159 514
159 519
159 645
159 748
159 766
159 783
160 179
160 214
160 222
160 231
160 243
160 271
160 335
160 395
160 451
160 528
160 594
160 690
160 734
161 209
161 214
161 215
161 251
161 315
161 331
161 334
161 342
161 391
161 420
161 499
161 564
161 567
161 589
161 616
161 661
161 668
161 676
161 778
162 252
162 294
162 323
162 359
162 378
162 400
162 416
162 536
162 537
162 551
162 587
162 767
163 212
163 259
163 260
163 278
163 285
163 302
163 322
163 339
163 346
163 354
163 366
163 370
163 533
163 591
163 677
163 722
164 168
164 207
164 215
164 216
164 227
164 251
164 270
164 306
164 310
164 318
164 321
164 348
164 362
164 382
164 386
164 412
164 423
164 474
164 488
164 510
164 518
164 604
164 639
164 666
164 681
164 733
164 743
164 755
165 170
165 213
165 247
165 271
165 275
165 276
165 285
165 288
165 347
165 363
165 374
165 387
165 403
165 430
165 443
165 506
165 525
165 532
165 582
165 624
165 699
166 190
166 220
166 244
166 252
166 369
166 372
166 502
166 507
166 518
166 560
166 564
166 713
166 781
167 178
167 189
167 212
167 223
167 239
167 247
167 275
167 289
167 307
167 312
167 325
167 349
167 398
167 415
167 469
167 476
167 516
167 666
167 674
167 728
167 765
168 200
168 202
168 232
168 346
168 464
168 529
168 579
168 585
168 616
168 708
169 195
169 298
169 333
169 343
169 403
169 485
169 490
169 510
169 559
169 610
169 685
169 764
170 174
170 180
170 191
170 226
170 253
170 319
170 374
170 383
170 448
170 464
170 480
170 488
170 505
170 650
170 677
170 686
170 693
170 772
170 782
170 799
171 280
171 356
171 419
171 483
171 484
171 540
171 559
171 768
171 788
172 188
172 206
172 228
172 266
172 275
172 307
172 312
172 375
172 427
172 453
172 456
172 462
172 470
172 476
172 478
172 480
172 609
172 610
172 651
172 680
172 742
172 753
172 787
173 183
173 187
173 215
173 269
173 305
173 306
173 337
173 344
173 360
173 384
173 473
173 536
173 635
173 639
173 666
173 716
173 771
173 790
174 175
174 189
174 318
174 345
174 357
174 373
174 520
174 535
174 545
174 585
174 589
174 624
174 650
175 195
175 222
175 244
175 275
175 402
175 430
175 452
175 482
175 521
175 607
175 615
175 644
175 667
175 775
175 781
176 181
176 226
176 355
176 377
176 406
176 427
176 508
176 660
176 670
176 694
176 697
176 699
176 706
176 726
176 729
176 768
177 347
177 411
177 481
177 523
177 586
177 605
177 623
177 741
178 195
178 213
178 239
178 256
178 271
178 325
178 334
178 449
178 458
178 482
178 503
178 510
178 576
178 578
178 588
178 623
178 638
178 653
178 692
178 707
178 716
178 721
178 759
179 199
179 251
179 270
179 304
179 397
179 415
179 488
179 586
179 672
179 780
180 207
180 214
180 222
180 225
180 237
180 270
180 316
180 317
180 372
180 381
180 414
180 428
180 536
180 539
180 562
180 568
180 621
180 651
180 652
180 653
180 681
180 724
180 759
180 775
180 778
180 789
180 791
181 213
181 276
181 278
181 335
181 406
181 414
181 419
181 443
181 484
181 489
181 536
181 538
181 540
181 565
181 699
181 701
181 708
181 716
181 735
181 755
182 192
182 217
182 242
182 254
182 261
182 305
182 339
182 345
182 355
182 368
182 395
182 501
182 532
182 554
182 581
182 691
182 695
182 711
182 769
183 199
183 236
183 240
183 323
183 327
183 415
183 452
183 562
183 564
183 583
183 603
183 685
183 699
183 777
184 276
184 277
184 310
184 346
184 395
184 405
184 457
184 467
184 513
184 673
184 709
184 751
185 253
185 294
185 305
185 311
185 315
185 380
185 385
185 449
185 479
185 520
185 631
185 754
186 197
186 237
186 266
186 367
186 433
186 442
186 483
186 547
186 550
186 674
186 684
186 715
186 728
187 319
187 402
187 426
187 439
187 446
187 507
187 568
187 626
187 705
188 219
188 245
188 299
188 363
188 428
188 430
188 443
188 444
188 603
188 639
189 209
189 241
189 298
189 550
189 644
189 653
189 729
190 240
190 248
190 263
190 296
190 298
190 328
190 522
190 533
190 569
190 667
190 689
190 729
191 262
191 280
191 304
191 440
191 541
191 669
192 203
192 222
192 245
192 265
192 291
192 353
192 361
192 441
192 493
192 679
192 731
192 751
193 204
193 224
193 297
193 312
193 322
193 356
193 439
193 460
193 494
193 496
193 503
193 556
193 595
193 644
193 679
193 691
193 728
194 204
194 236
194 256
194 334
194 408
194 493
194 780
195 259
195 279
195 299
195 348
195 361
195 412
195 415
195 472
195 484
195 552
195 688
195 733
196 200
196 219
196 276
196 289
196 343
196 348
196 353
196 393
196 437
196 493
196 550
196 557
196 570
196 593
196 612
196 628
196 673
196 688
196 746
196 796
197 225
197 230
197 241
197 276
197 331
197 398
197 418
197 442
197 505
197 506
197 568
197 681
197 733
198 199
198 205
198 210
198 221
198 230
198 292
198 318
198 344
198 365
198 401
198 432
198 495
198 553
198 585
198 604
198 628
198 695
198 742
198 763
199 206
199 233
199 238
199 263
199 281
199 336
199 347
199 355
199 389
199 404
199 412
199 417
199 466
199 505
199 519
199 563
199 631
199 708
199 748
200 283
200 309
200 392
200 492
200 499
200 530
200 536
200 567
200 675
200 740
200 753
201 222
201 239
201 256
201 269
201 287
201 296
201 475
201 601
201 696
202 234
202 335
202 406
202 472
202 515
202 525
202 558
202 717
202 720
202 762
203 222
203 225
203 242
203 416
203 424
203 524
203 528
203 585
204 224
204 380
204 445
204 457
204 503
204 513
204 534
204 535
204 655
205 277
205 312
205 314
205 342
205 384
205 421
205 516
205 626
205 634
205 678
205 785
206 233
206 266
206 319
206 331
206 368
206 473
206 505
206 511
206 587
206 612
206 644
206 739
207 232
207 294
207 336
207 345
207 356
207 360
207 396
207 401
207 429
207 472
207 538
207 554
207 559
207 565
207 597
207 616
207 627
207 636
207 646
207 685
207 738
207 791
208 233
208 251
208 277
208 289
208 327
208 366
208 403
208 418
208 422
208 443
208 476
208 482
208 526
208 527
208 684
208 689
208 707
208 775
208 799
209 223
209 252
209 299
209 332
209 335
209 338
209 339
209 376
209 397
209 483
209 497
209 660
210 225
210 236
210 237
210 262
210 292
210 350
210 371
210 383
210 393
210 423
210 429
210 433
210 449
210 523
210 558
210 597
210 658
211 363
211 396
211 538
211 557
211 608
211 624
211 642
211 650
211 700
211 737
212 506
212 569
212 608
212 632
212 645
212 676
212 687
213 238
213 275
213 392
213 452
213 464
213 676
214 216
214 250
214 265
214 267
214 338
214 367
214 556
214 664
214 756
215 364
215 418
215 573
215 754
215 781
216 229
216 253
216 295
216 326
216 356
216 486
216 519
216 550
216 582
216 616
216 673
216 675
216 702
216 728
216 738
216 752
217 234
217 262
217 298
217 328
217 458
217 560
217 570
217 571
217 677
217 702
218 268
218 375
218 382
218 452
218 467
218 486
218 493
218 498
218 527
218 572
218 589
218 663
218 669
218 684
218 777
219 289
219 353
219 401
219 467
219 494
219 673
219 710
220 272
220 378
220 412
220 616
220 753
221 297
221 418
221 758
222 233
222 260
222 282
222 324
222 378
222 436
222 456
222 610
222 660
222 721
222 762
223 252
223 301
223 324
223 367
223 517
223 766
223 782
223 795
224 226
224 252
224 387
224 389
224 409
224 440
224 491
224 526
224 532
224 554
224 566
224 754
224 775
224 782
224 788
225 271
225 326
225 341
225 473
225 518
225 558
225 581
225 619
225 680
225 732
225 778
226 327
226 354
226 397
226 553
226 557
226 574
226 702
226 709
226 780
227 353
227 395
227 402
227 403
227 527
228 250
228 276
228 282
228 304
228 327
228 462
228 561
228 630
228 681
228 683
228 760
229 329
229 443
229 456
229 462
229 602
229 614
230 283
230 297
230 307
230 323
230 394
230 406
230 581
230 597
230 683
231 243
231 283
231 285
231 295
231 340
231 349
231 386
231 399
231 406
231 410
231 422
231 549
231 596
231 759
231 779
232 238
232 254
232 267
232 288
232 292
232 313
232 371
232 392
232 443
232 516
232 567
232 611
232 755
232 761
232 790
232 794
233 253
233 282
233 293
233 519
233 586
233 587
233 696
233 752
233 776
234 286
234 296
234 352
234 361
234 568
234 584
234 638
234 786
235 244
235 269
235 318
235 340
235 354
235 399
235 409
235 442
235 450
235 621
235 794
236 337
236 359
236 508
236 519
236 607
236 633
236 697
236 723
237 240
237 250
237 257
237 468
237 472
237 617
237 627
237 688
238 297
238 377
238 430
238 443
238 456
238 466
238 475
238 491
238 521
238 743
238 765
239 240
239 342
239 391
239 408
239 447
239 460
239 497
239 517
239 572
239 623
239 672
239 744
239 795
240 347
240 372
240 379
240 389
240 451
240 552
240 572
240 591
240 623
240 714
240 747
240 782
241 249
241 396
241 402
241 533
242 310
242 343
242 365
242 373
242 409
242 467
242 493
242 640
242 703
243 282
243 317
243 353
243 368
243 394
243 438
243 441
243 530
243 670
244 287
244 294
244 410
244 477
244 479
244 489
244 520
244 547
244 605
244 634
244 656
244 688
244 713
245 258
245 277
245 301
245 302
245 322
245 354
245 430
245 448
245 561
245 578
245 656
245 710
245 722
245 773
246 374
246 412
246 457
246 468
246 523
246 546
246 609
246 650
246 742
246 795
247 283
247 341
247 405
247 413
247 461
247 478
247 573
247 601
247 699
247 741
247 777
248 267
248 273
248 279
248 356
248 365
248 392
248 538
248 566
248 592
248 666
248 712
248 733
248 747
248 787
249 284
249 313
249 323
249 343
249 429
249 449
249 461
249 532
249 590
249 684
249 686
250 259
250 266
250 296
250 336
250 360
250 364
250 448
250 489
250 522
250 547
250 601
250 646
250 727
250 740
250 756
251 263
251 265
251 269
251 297
251 344
251 368
251 392
251 478
251 629
251 673
251 785
252 254
252 257
252 324
252 383
252 386
252 388
252 427
252 469
252 612
252 636
252 650
252 747
253 265
253 268
253 328
253 354
253 359
253 393
253 428
253 469
253 506
253 540
253 569
253 647
253 789
254 258
254 317
254 360
254 442
254 531
254 548
254 554
254 556
254 615
254 673
254 686
254 730
254 736
254 750
255 329
255 358
255 594
255 668
255 763
255 764
255 766
256 266
256 296
256 332
256 350
256 394
256 422
256 427
256 452
256 462
256 523
256 525
256 614
256 633
257 302
257 360
257 389
257 413
257 431
257 486
257 537
257 543
257 553
257 571
257 587
257 645
257 658
257 663
257 684
257 687
257 735
257 749
258 270
258 312
258 348
258 359
258 401
258 479
258 484
258 485
258 502
258 529
258 571
259 303
259 381
259 401
259 414
259 444
259 481
259 606
259 633
259 672
260 271
260 274
260 282
260 301
260 341
260 373
260 453
260 455
260 675
261 262
261 306
261 313
261 367
261 497
261 520
261 527
261 529
261 622
261 669
261 673
261 721
261 749
261 788
262 265
262 269
262 277
262 285
262 329
262 393
262 402
262 454
262 504
262 582
262 594
262 614
262 662
262 666
262 740
262 760
262 771
263 309
263 323
263 342
263 429
263 453
263 497
263 513
263 528
263 558
263 561
263 644
263 675
264 287
264 397
264 544
264 714
264 797
265 277
265 292
265 293
265 324
265 334
265 510
265 531
265 541
265 617
265 744
266 268
266 347
266 386
266 419
266 441
266 514
266 578
266 734
267 312
267 318
267 332
267 368
267 399
267 461
267 476
267 513
267 545
268 269
268 348
268 372
268 386
268 435
268 523
268 529
268 544
268 557
268 672
268 716
268 785
269 272
269 273
269 349
269 406
269 453
269 639
269 738
270 371
270 391
270 414
270 507
270 537
270 546
270 551
270 714
270 783
271 302
271 389
271 428
271 450
271 500
271 623
271 705
271 740
271 747
272 294
272 330
272 630
272 689
272 703
272 784
273 285
273 349
273 356
273 374
273 383
273 390
273 415
273 433
273 566
273 604
273 637
273 645
274 288
274 290
274 548
274 654
274 714
275 307
275 330
275 332
275 342
275 397
275 414
275 497
275 554
275 560
275 570
275 580
276 306
276 309
276 323
276 357
276 379
276 447
276 450
276 546
276 579
276 593
276 663
276 668
276 724
276 793
277 370
277 384
277 405
277 519
277 611
277 795
278 287
278 464
278 502
278 557
278 588
278 640
279 281
279 330
279 449
279 459
279 500
279 561
279 566
279 592
279 604
280 516
280 590
280 630
280 689
281 533
281 610
281 659
282 319
282 359
282 485
282 526
282 565
282 673
282 674
282 726
283 453
283 761
284 323
284 335
284 418
284 492
284 539
284 573
284 613
284 763
284 796
285 345
285 350
285 420
285 504
285 635
285 786
286 296
286 298
286 314
286 346
286 420
286 421
286 431
286 516
286 548
286 561
286 577
286 583
286 617
286 689
286 721
286 747
287 323
287 325
287 333
287 387
287 390
287 414
287 451
287 509
287 542
287 636
287 650
288 309
288 340
288 355
288 370
288 424
288 486
288 549
288 594
288 599
288 605
288 647
288 661
288 794
289 448
289 463
289 630
289 751
290 326
290 333
290 370
290 373
290 545
290 703
291 410
291 428
291 437
291 685
292 337
292 456
292 530
292 644
292 670
292 721
292 752
292 757
293 300
293 424
293 435
293 462
293 560
293 569
293 618
293 672
293 772
294 691
295 376
295 416
295 418
295 491
295 543
295 663
295 675
295 692
295 787
296 366
296 404
296 479
296 638
296 643
296 746
297 545
297 624
297 792
298 319
298 400
298 437
298 441
298 508
298 595
298 606
298 625
298 646
298 688
298 784
299 321
299 352
299 360
299 379
299 524
299 530
299 576
299 675
299 684
299 737
300 333
300 401
300 467
300 679
301 404
301 438
301 550
301 611
301 696
301 781
302 347
302 358
302 410
302 421
302 434
302 458
302 464
302 517
302 554
302 677
302 705
303 353
303 391
303 437
303 456
303 458
303 489
303 516
304 323
304 390
304 483
304 525
304 546
304 582
305 312
305 493
305 500
305 574
305 581
305 782
306 384
306 439
306 450
306 604
306 664
306 676
307 308
307 309
307 331
307 426
307 489
307 512
307 591
307 739
307 757
308 375
308 409
308 446
308 586
308 676
309 313
309 390
309 391
309 399
309 531
309 618
310 314
310 519
310 553
310 570
310 671
310 717
310 772
310 788
311 318
311 365
311 369
311 371
311 428
311 440
311 458
311 504
311 511
311 543
311 636
311 659
311 667
311 698
311 702
311 774
312 356
312 517
312 677
312 726
312 773
312 781
313 330
313 362
313 524
313 539
313 580
313 583
313 594
313 597
313 651
313 660
313 711
313 776
314 369
314 370
314 372
314 388
314 399
314 433
314 529
314 553
314 599
314 652
314 761
314 779
314 782
314 796
315 452
315 712
315 720
316 372
316 498
316 619
316 642
316 670
316 697
316 736
316 770
317 341
317 347
317 417
317 472
317 601
317 630
317 641
317 646
318 369
318 375
318 394
318 473
318 495
318 497
318 574
318 655
318 657
318 724
318 734
318 743
318 748
319 444
319 702
319 722
320 349
320 430
320 485
320 654
321 471
321 501
321 688
321 724
322 413
322 470
322 585
322 611
322 626
323 457
323 585
323 642
323 675
323 764
324 381
324 396
324 423
324 522
324 557
324 604
324 621
324 662
324 707
324 717
324 723
325 370
325 399
325 417
325 457
325 539
325 571
325 646
325 656
325 659
325 701
325 744
325 772
326 369
326 475
326 577
326 590
326 640
326 783
327 411
327 426
327 645
327 795
328 356
329 355
329 440
329 457
329 611
329 727
330 398
330 494
330 534
330 712
330 769
331 361
331 424
331 620
331 626
331 725
331 732
332 354
332 362
332 394
332 407
332 417
332 422
332 431
332 535
332 620
332 643
332 678
332 687
332 712
332 718
333 544
333 683
334 379
334 405
334 415
334 422
334 442
334 449
334 684
334 737
335 409
335 450
335 501
335 539
335 629
335 690
336 376
336 425
336 549
336 578
336 584
336 621
336 725
337 359
337 389
337 483
337 745
337 792
338 348
338 350
338 374
338 391
338 532
338 574
338 579
338 661
338 767
338 779
339 364
339 440
339 459
339 608
339 650
339 727
339 757
340 533
340 596
341 359
341 398
341 469
341 488
341 538
341 606
341 692
341 708
341 753
341 777
342 352
342 620
343 357
343 456
344 358
344 360
344 413
344 430
344 438
344 501
344 568
344 600
344 617
344 658
344 695
344 720
344 774
344 784
345 369
345 572
345 583
345 637
345 701
345 748
346 350
346 377
346 548
346 625
346 670
346 680
346 799
347 348
347 486
347 496
347 707
348 355
348 419
348 512
348 540
348 682
348 741
349 448
349 451
349 528
349 597
350 512
350 591
350 620
350 684
351 466
351 484
351 607
351 644
351 653
351 745
352 397
352 412
352 426
352 601
352 754
352 770
352 772
353 380
353 386
353 394
353 493
353 514
353 572
353 609
353 630
354 361
354 365
354 484
354 496
354 498
354 586
354 607
354 665
354 693
355 374
355 445
355 484
355 542
355 575
355 612
355 613
356 433
356 525
356 532
356 543
356 576
356 578
356 587
356 606
356 641
356 642
356 740
356 749
357 510
357 592
357 632
357 749
358 421
358 652
358 710
359 393
359 436
359 471
359 536
359 691
359 730
359 743
360 388
361 442
361 589
361 649
361 658
361 694
361 734
361 751
362 380
362 401
362 421
362 445
362 606
362 619
362 622
362 719
362 791
362 798
363 442
363 537
363 574
363 616
363 676
363 762
364 538
364 637
364 695
364 782
365 366
365 548
365 667
365 717
366 417
366 463
367 576
367 729
367 786
368 450
368 505
368 537
368 629
368 682
368 735
368 741
369 376
369 390
369 421
369 422
369 499
369 553
369 604
369 661
369 687
369 699
370 388
370 443
370 487
370 542
370 546
370 586
370 609
370 614
370 628
370 651
370 671
370 794
371 423
371 458
371 569
371 593
372 385
373 388
373 412
373 479
373 480
373 556
373 718
373 761
373 765
374 741
375 378
375 400
375 404
375 411
375 481
375 697
375 717
376 636
376 779
377 385
377 395
377 454
377 470
377 498
377 559
377 668
377 691
377 759
378 420
378 455
378 457
378 533
378 546
378 557
379 413
379 541
379 694
380 387
380 426
380 435
380 541
380 549
380 562
380 597
380 633
380 693
380 725
381 398
381 417
381 499
381 568
382 461
382 477
382 551
382 646
382 714
382 765
383 425
383 432
383 527
384 395
384 457
384 500
384 515
384 680
384 725
385 471
385 494
385 499
385 676
385 692
386 568
386 647
386 796
387 405
387 664
387 666
387 693
387 722
387 727
387 784
388 410
388 452
388 516
388 524
388 530
388 596
388 602
388 752
389 421
389 430
389 503
389 603
389 727
390 607
390 609
390 631
390 654
390 720
391 393
391 600
391 729
391 788
392 416
392 457
392 474
392 528
392 546
392 626
392 679
392 768
393 440
393 445
393 481
394 431
394 519
395 398
395 491
395 517
395 540
395 564
395 599
396 428
396 446
396 476
396 576
396 620
396 789
396 793
397 480
397 512
397 524
397 530
397 615
397 647
398 521
398 609
398 660
399 463
399 714
399 738
400 476
400 477
400 727
401 409
401 420
401 451
401 518
401 558
401 644
401 657
401 690
401 710
401 785
402 620
402 725
402 740
403 546
403 620
403 741
403 776
404 420
404 426
404 532
404 673
404 758
405 478
405 734
405 736
406 410
406 501
406 606
406 709
406 767
407 435
407 586
407 641
407 698
408 514
408 644
409 419
409 460
409 538
409 632
409 670
410 423
410 518
410 580
410 681
411 513
411 562
411 576
411 682
411 690
412 458
412 700
412 769
413 417
413 486
413 649
413 695
413 697
413 792
414 467
414 476
414 499
414 541
414 577
414 735
415 530
415 609
415 656
416 433
416 460
416 572
416 600
416 648
416 743
416 756
417 427
417 446
417 486
417 592
417 750
417 763
418 496
418 535
418 580
418 704
419 437
419 461
419 475
419 518
419 552
419 579
419 686
419 726
419 740
419 774
419 778
420 444
420 483
420 517
420 579
420 745
421 433
421 484
421 492
421 574
421 578
421 582
421 611
421 614
421 620
421 631
421 667
421 732
421 784
422 465
422 479
422 495
422 509
422 613
422 739
422 742
422 776
423 529
423 658
423 708
423 765
424 468
424 757
425 517
425 552
425 619
425 662
425 711
425 765
426 542
426 610
426 616
426 638
426 741
427 661
428 431
428 511
428 527
428 758
429 436
429 459
429 491
429 604
429 610
429 712
430 514
430 659
430 673
430 714
431 481
431 555
431 633
431 653
431 669
432 437
432 470
432 480
432 573
432 616
432 643
432 654
432 723
432 776
433 450
433 496
433 501
433 541
433 591
433 615
433 635
433 674
433 755
434 468
434 479
434 512
435 778
435 787
436 491
436 544
436 700
436 712
436 782
436 783
437 439
437 474
437 475
437 682
437 699
438 489
438 554
438 575
438 629
438 631
438 697
438 775
440 495
440 679
440 722
441 475
441 490
441 691
442 772
443 650
443 694
444 479
444 546
444 721
445 469
445 599
446 473
446 704
446 751
446 759
447 465
447 607
447 640
448 637
449 736
449 748
450 484
450 487
450 491
450 530
450 571
450 697
450 743
451 527
451 635
451 738
451 788
452 572
452 640
452 645
453 526
453 637
454 567
454 723
455 471
455 792
456 471
456 473
456 545
456 553
456 562
456 637
456 665
456 725
456 731
458 566
458 575
458 737
459 577
459 658
460 780
461 690
461 772
462 529
462 579
462 597
462 790
463 475
463 560
463 680
464 532
464 570
464 715
465 580
465 582
465 634
465 788
466 468
466 503
466 666
466 689
466 711
467 485
467 514
467 547
468 517
468 588
468 592
468 665
468 702
468 753
468 773
469 507
469 534
469 551
469 622
469 705
470 592
470 619
471 664
471 694
471 787
472 547
472 675
472 697
473 786
474 504
474 587
474 591
474 713
475 551
475 646
475 698
476 641
476 705
476 726
476 732
477 613
477 651
477 740
477 796
478 534
478 535
478 546
479 495
479 522
479 531
479 596
479 614
479 672
480 599
480 798
481 632
481 686
482 502
482 629
482 767
483 586
483 640
483 671
483 720
484 656
484 687
484 690
484 697
484 723
485 622
485 649
485 724
486 655
486 691
486 763
486 769
487 715
488 577
488 639
488 657
489 522
489 540
489 645
489 743
490 517
490 600
490 660
491 533
491 566
491 590
491 628
491 663
491 780
493 519
493 557
493 561
493 571
493 654
493 660
493 668
493 670
493 716
493 764
493 770
494 608
494 654
494 668
494 764
495 501
495 712
495 733
495 799
496 562
496 582
496 714
497 500
497 566
497 789
498 606
498 677
499 612
499 647
499 692
500 678
501 722
501 752
501 755
501 761
502 551
502 567
502 603
502 694
502 716
502 753
503 630
503 687
503 746
503 796
504 516
504 570
504 621
504 652
505 573
505 706
506 543
506 595
506 598
506 625
506 783
508 617
508 736
508 756
509 559
509 745
510 651
512 592
512 706
512 786
513 763
513 786
514 561
514 566
514 578
514 759
514 773
514 794
515 550
515 565
515 621
516 581
516 648
516 727
517 529
517 624
517 719
517 738
518 565
518 624
519 537
519 547
519 564
519 600
519 649
519 680
519 701
519 720
519 781
519 785
520 657
521 547
522 574
522 700
522 724
523 577
523 593
523 595
523 598
523 663
523 672
523 695
524 584
524 713
525 538
525 559
525 579
525 590
525 630
526 648
526 702
527 585
527 587
527 637
527 657
528 552
528 682
530 548
530 559
530 563
531 674
532 572
532 577
532 710
535 629
535 746
535 752
536 678
536 725
536 742
537 653
537 706
537 718
537 757
538 590
538 723
538 737
539 578
539 759
540 591
540 623
540 647
541 548
541 596
542 727
543 669
543 787
543 795
544 622
544 730
544 799
545 569
545 612
545 685
545 798
546 554
546 613
546 647
546 676
546 698
546 759
547 593
547 715
548 622
548 698
549 610
549 625
549 639
550 692
553 675
553 789
554 648
555 591
555 618
555 641
555 642
555 700
555 735
555 764
556 777
557 575
558 730
559 665
560 601
560 657
560 698
560 744
560 764
561 674
562 565
562 594
562 709
562 742
562 799
563 602
563 655
565 681
565 683
566 594
566 624
567 762
568 624
568 656
569 573
569 581
569 603
569 611
569 659
569 705
570 730
570 744
571 573
571 588
571 603
571 645
571 782
572 602
572 744
572 781
573 670
574 612
574 613
574 751
575 595
575 622
575 686
576 603
576 615
576 643
576 679
576 692
576 746
577 734
577 794
578 614
578 755
580 629
580 688
580 793
581 589
582 599
584 589
584 632
586 623
586 638
586 650
587 597
587 605
587 659
587 786
587 794
588 662
588 704
589 672
590 602
590 745
591 640
591 755
592 600
592 698
594 652
596 617
596 660
596 665
597 651
597 690
598 655
598 670
598 731
598 755
598 756
599 678
599 738
600 651
600 685
601 664
602 778
603 706
603 735
603 796
604 706
604 747
605 648
605 767
606 654
607 787
611 630
611 689
611 773
613 758
614 645
614 739
615 717
615 754
616 643
616 651
616 677
616 678
616 735
616 775
618 688
618 796
619 699
620 687
620 692
620 749
621 663
621 707
622 774
623 625
623 712
623 770
623 781
625 669
625 685
626 636
626 673
626 754
627 742
628 661
629 672
629 779
629 788
630 651
630 666
630 689
631 652
631 691
631 726
631 754
631 765
633 732
634 650
634 751
637 797
639 711
640 716
641 771
642 659
643 706
644 677
644 722
647 697
650 696
650 729
652 658
653 656
653 665
653 734
653 754
655 663
656 768
657 722
657 779
658 767
659 689
659 783
661 662
661 726
664 728
664 793
665 790
665 792
667 748
667 752
668 717
669 676
669 702
669 706
669 723
669 736
669 746
669 762
669 770
669 774
669 792
669 793
670 671
670 750
671 707
671 741
673 773
674 740
675 736
676 707
676 710
676 737
676 756
677 708
677 718
677 753
679 716
680 749
681 686
682 703
683 691
683 791
684 798
685 716
689 742
689 784
689 789
690 752
692 696
693 699
693 762
694 764
697 709
697 732
697 750
697 795
699 746
701 720
702 744
702 778
704 707
704 780
705 741
707 733
709 781
711 785
712 753
713 727
713 741
713 746
714 765
715 798
716 788
719 722
722 779
723 797
726 750
726 765
729 760
733 749
736 738
736 782
738 762
740 766
742 776
743 759
743 775
743 797
746 771
747 785
754 786
755 790
758 794
761 771
764 787
765 781
766 792
767 772
769 774
772 793
776 789
779 784
781 797
790 795
791 795
