0 1
0 2
0 3
0 4
0 5
0 6
0 7
0 10
0 13
0 21
0 26
0 27
0 37
0 46
0 50
0 53
0 69
0 83
2 9
2 14
2 16
2 17
2 18
2 55
2 80
2 91
3 12
3 29
3 34
3 41
3 48
3 71
3 81
3 86
3 88
4 85
5 8
5 19
5 22
5 23
5 28
5 36
5 72
5 82
6 87
8 11
8 45
8 70
10 15
12 42
12 44
13 60
14 24
14 75
16 25
16 38
16 52
17 31
17 33
17 67
17 78
17 79
18 47
19 20
19 76
21 49
22 39
27 32
27 51
27 64
28 35
28 63
29 30
29 98
30 89
31 40
31 74
32 43
32 59
32 68
35 73
35 77
36 92
40 57
40 61
40 90
45 54
45 58
48 56
48 84
48 96
48 97
49 66
58 62
61 65
68 95
70 94
79 99
89 93
