0 1
0 2
0 3
0 4
0 5
0 6
0 7
0 9
0 10
0 11
0 12
0 16
0 17
0 18
0 20
0 22
0 23
0 26
0 27
0 33
0 45
0 46
0 50
0 55
0 57
0 62
0 68
0 70
0 81
0 86
0 93
0 121
0 123
0 125
0 145
0 150
0 167
0 185
0 188
0 211
0 212
0 213
0 218
0 224
0 225
0 226
0 249
0 250
0 277
0 281
0 308
0 310
0 312
0 321
0 342
0 348
1 7
1 8
1 9
1 17
1 23
1 30
1 42
1 43
1 51
1 61
1 98
1 104
1 111
1 129
1 131
1 138
1 147
1 195
1 217
1 305
1 320
1 324
2 6
2 55
2 112
2 174
2 263
3 6
3 8
3 9
3 10
3 13
3 14
3 17
3 18
3 24
3 25
3 30
3 32
3 34
3 35
3 39
3 40
3 44
3 46
3 54
3 56
3 57
3 60
3 62
3 63
3 67
3 68
3 73
3 76
3 80
3 81
3 84
3 85
3 86
3 88
3 95
3 108
3 109
3 112
3 113
3 115
3 120
3 121
3 124
3 128
3 129
3 131
3 137
3 138
3 141
3 142
3 147
3 155
3 156
3 162
3 179
3 187
3 195
3 196
3 203
3 205
3 211
3 216
3 219
3 227
3 235
3 248
3 281
3 301
3 310
3 313
3 314
3 333
3 334
3 354
4 6
4 7
4 8
4 10
4 12
4 13
4 14
4 15
4 16
4 17
4 18
4 26
4 27
4 39
4 41
4 42
4 43
4 44
4 47
4 54
4 61
4 67
4 98
4 99
4 101
4 103
4 104
4 107
4 113
4 128
4 132
4 140
4 145
4 151
4 157
4 159
4 168
4 181
4 185
4 190
4 193
4 195
4 197
4 222
4 226
4 231
4 241
4 245
4 258
4 259
4 272
4 279
4 281
4 294
4 298
4 300
4 301
4 309
4 312
4 317
4 324
4 339
4 355
5 6
5 7
5 11
5 12
5 20
5 21
5 23
5 25
5 39
5 40
5 50
5 60
5 73
5 93
5 95
5 104
5 113
5 149
5 164
5 201
5 228
5 267
5 283
5 312
5 321
5 339
5 348
5 354
6 7
6 8
6 9
6 11
6 12
6 16
6 20
6 24
6 25
6 28
6 29
6 31
6 34
6 36
6 39
6 45
6 48
6 50
6 53
6 58
6 59
6 64
6 68
6 71
6 72
6 75
6 83
6 84
6 92
6 97
6 100
6 104
6 105
6 121
6 129
6 135
6 137
6 138
6 140
6 142
6 148
6 150
6 157
6 161
6 163
6 170
6 175
6 186
6 193
6 196
6 200
6 202
6 208
6 211
6 227
6 234
6 254
6 256
6 257
6 261
6 275
6 286
6 290
6 295
6 307
6 308
6 314
6 326
6 327
6 341
6 345
6 346
6 350
6 353
6 355
7 8
7 9
7 10
7 11
7 13
7 15
7 17
7 19
7 23
7 24
7 30
7 39
7 48
7 49
7 61
7 65
7 80
7 90
7 92
7 94
7 96
7 97
7 101
7 104
7 109
7 111
7 115
7 122
7 126
7 133
7 136
7 156
7 161
7 168
7 169
7 181
7 192
7 196
7 209
7 212
7 240
7 260
7 306
7 315
7 332
7 354
8 10
8 12
8 15
8 16
8 19
8 26
8 32
8 51
8 52
8 66
8 79
8 100
8 160
8 183
8 247
8 294
8 300
9 14
9 22
9 25
9 31
9 34
9 55
9 56
9 64
9 85
9 91
9 119
9 124
9 137
9 166
9 218
9 225
9 232
9 272
10 11
10 13
10 19
10 20
10 21
10 27
10 30
10 46
10 52
10 53
10 56
10 58
10 59
10 75
10 78
10 84
10 101
10 112
10 133
10 157
10 159
10 170
10 183
10 184
10 195
10 199
10 206
10 211
10 215
10 219
10 224
10 230
10 266
10 281
10 287
10 313
10 333
11 13
11 14
11 15
11 16
11 30
11 31
11 38
11 41
11 42
11 44
11 45
11 47
11 49
11 50
11 53
11 56
11 67
11 68
11 71
11 72
11 76
11 85
11 86
11 90
11 91
11 92
11 93
11 103
11 116
11 132
11 135
11 138
11 139
11 143
11 152
11 156
11 164
11 166
11 168
11 180
11 191
11 194
11 203
11 215
11 238
11 249
11 253
11 284
11 285
11 288
11 297
11 310
11 316
11 331
11 337
11 340
11 345
11 355
12 14
12 19
12 20
12 23
12 28
12 37
12 38
12 41
12 44
12 49
12 58
12 65
12 77
12 78
12 91
12 110
12 111
12 120
12 122
12 132
12 148
12 165
12 167
12 176
12 207
12 212
12 249
12 269
12 270
12 277
12 294
12 302
12 330
12 341
12 352
13 15
13 25
13 27
13 38
13 46
13 62
13 63
13 79
13 105
13 130
13 147
13 205
13 223
13 235
13 261
13 290
13 334
13 338
13 347
14 19
14 24
14 31
14 36
14 38
14 43
14 47
14 48
14 66
14 70
14 82
14 90
14 148
14 154
14 176
14 193
14 235
14 254
14 284
14 286
14 317
14 324
15 22
15 28
15 33
15 40
15 62
15 63
15 69
15 76
15 107
15 108
15 152
15 158
15 274
15 289
15 321
15 327
15 336
16 18
16 21
16 26
16 28
16 29
16 37
16 52
16 82
16 157
16 165
16 182
16 187
16 198
16 220
16 252
16 265
16 271
16 272
16 278
16 291
16 292
16 293
17 18
17 21
17 29
17 40
17 50
17 58
17 75
17 93
17 94
17 213
17 214
17 238
17 323
17 334
17 341
18 34
18 135
18 167
18 277
18 318
18 344
19 22
19 24
19 36
19 51
19 53
19 54
19 61
19 68
19 72
19 74
19 77
19 81
19 87
19 109
19 123
19 127
19 137
19 139
19 155
19 156
19 168
19 173
19 179
19 180
19 200
19 202
19 208
19 254
19 289
19 290
19 310
19 332
19 334
20 21
20 22
20 35
20 43
20 73
20 82
20 87
20 94
20 99
20 132
20 153
20 169
20 180
20 288
20 320
20 331
21 32
21 41
21 74
21 82
21 102
21 124
21 135
21 159
21 160
21 171
21 182
21 187
21 198
21 203
21 209
21 212
21 221
21 251
21 262
21 280
21 315
21 329
22 29
22 31
22 45
22 57
22 62
22 95
22 149
22 154
22 170
22 209
22 243
22 246
22 262
22 271
22 276
22 304
22 307
23 27
23 28
23 33
23 36
23 37
23 38
23 51
23 54
23 66
23 67
23 91
23 121
23 152
23 173
23 186
23 233
23 266
23 295
23 303
23 311
23 314
23 352
24 32
24 40
24 95
24 116
24 157
24 191
24 202
24 226
24 229
24 270
24 274
24 282
25 26
25 33
25 78
25 163
25 285
26 29
26 35
26 37
26 42
26 53
26 71
26 74
26 78
26 79
26 127
26 128
26 145
26 171
26 175
26 176
26 193
26 198
26 201
26 262
26 288
26 290
26 306
26 325
26 349
27 52
27 65
27 88
27 111
27 114
27 133
27 212
27 244
28 34
28 35
28 55
28 56
28 63
28 70
28 75
28 82
28 113
28 171
28 219
28 308
28 322
28 356
29 32
29 33
29 48
29 49
29 51
29 52
29 69
29 77
29 80
29 83
29 89
29 90
29 97
29 102
29 107
29 110
29 115
29 121
29 123
29 126
29 158
29 180
29 202
29 220
29 223
29 224
29 250
29 275
29 283
29 301
29 305
29 320
29 322
29 324
29 325
30 41
30 64
30 105
30 117
30 122
30 134
30 189
30 192
30 208
30 236
30 296
31 35
31 59
31 90
31 119
31 130
31 271
31 346
32 47
32 67
32 79
32 81
32 85
32 91
32 106
32 135
32 148
32 206
32 230
32 336
32 352
33 36
33 37
33 48
33 57
33 71
33 202
34 165
34 175
34 247
34 272
34 323
35 54
35 59
35 60
35 89
35 99
35 126
35 134
35 143
35 148
35 166
35 213
35 242
35 261
35 268
35 270
35 326
35 332
35 351
36 60
36 116
36 131
36 229
36 256
36 312
37 45
37 46
37 59
37 66
37 95
37 120
37 276
37 337
37 356
38 44
38 83
38 100
38 103
38 234
38 236
38 274
38 329
39 73
39 76
39 83
39 130
39 143
39 158
39 250
40 42
40 70
40 108
40 109
40 149
40 177
40 181
40 282
40 285
40 316
40 318
40 322
41 43
41 55
41 64
41 73
41 79
41 102
41 120
41 134
41 172
41 186
41 189
41 209
41 267
41 293
41 347
42 47
42 60
42 138
42 188
42 231
42 276
42 308
42 313
42 355
43 163
43 233
43 282
43 289
44 64
44 88
44 142
44 161
44 183
44 237
44 267
44 346
44 351
45 74
45 106
45 125
45 144
45 178
45 204
45 215
45 217
45 221
45 275
45 287
45 320
46 57
46 61
46 71
46 106
46 139
47 63
47 87
47 102
47 109
47 144
47 150
47 214
47 218
47 273
47 343
48 49
48 86
48 117
48 171
48 244
48 264
48 343
49 87
49 98
49 115
49 118
49 137
49 159
49 247
49 316
50 58
50 75
50 77
50 83
50 116
50 155
50 163
50 207
50 224
50 299
50 317
50 343
51 72
51 74
51 184
52 98
52 160
52 264
52 283
52 290
52 302
53 123
53 186
53 195
53 221
53 344
54 65
54 86
54 88
54 255
54 286
54 327
55 108
55 189
55 205
55 280
56 69
56 88
56 181
56 251
57 66
57 69
57 99
57 100
57 188
57 206
57 225
57 256
57 307
58 110
58 116
58 169
58 239
58 241
58 251
58 328
59 101
59 119
59 165
59 190
59 197
59 338
60 164
60 173
60 243
60 309
61 65
61 69
61 125
61 127
61 162
61 182
61 200
61 223
61 234
61 248
61 263
61 269
61 273
61 286
61 296
61 337
62 142
62 299
63 70
63 89
63 130
63 265
63 287
63 292
63 342
64 76
64 80
64 96
64 97
64 98
64 118
64 151
64 176
64 206
64 227
64 241
64 245
64 253
64 338
65 141
65 183
65 259
66 72
66 77
66 85
66 128
66 278
67 93
67 101
67 102
67 114
67 119
67 166
67 174
67 233
67 280
67 335
68 194
68 260
68 341
69 78
69 131
69 252
70 105
70 146
70 177
70 184
70 246
70 274
70 323
71 81
71 107
71 115
71 136
71 208
71 313
72 111
72 174
72 182
72 214
72 238
72 294
73 134
73 234
73 266
74 117
74 160
74 184
74 229
74 268
75 84
75 92
75 103
75 132
75 152
75 172
75 178
75 179
75 186
75 194
75 199
75 243
75 342
76 92
76 97
76 106
76 110
76 114
76 119
76 144
76 145
76 163
76 185
76 197
76 199
76 236
76 242
76 255
76 354
77 80
77 106
77 144
77 326
78 84
78 87
78 96
78 175
78 191
78 257
78 319
78 350
79 99
79 117
79 184
79 213
79 223
79 246
79 266
79 315
80 123
80 162
80 210
80 280
80 298
81 166
81 207
81 251
81 277
81 284
82 143
82 146
82 208
83 130
83 204
83 209
83 240
83 263
84 89
84 105
84 207
84 291
85 125
85 140
85 169
85 284
85 329
86 113
86 133
86 146
86 263
86 337
87 177
87 180
87 263
87 293
87 348
87 350
88 89
88 94
88 103
88 120
88 124
88 134
88 151
88 162
88 172
88 177
88 200
88 235
88 241
88 335
89 94
89 149
89 155
89 234
90 146
90 170
90 293
90 304
91 96
91 122
92 96
92 114
92 146
92 201
92 243
92 264
92 302
93 172
93 228
93 276
94 107
94 124
94 126
94 136
94 140
94 151
94 183
94 197
94 230
94 239
94 294
94 328
95 100
95 176
95 219
95 268
95 344
96 118
96 133
96 185
96 200
96 273
97 110
97 125
97 129
97 228
97 270
97 306
97 351
99 122
99 168
99 204
99 224
99 258
99 297
100 153
100 154
100 155
100 188
100 194
100 240
100 257
100 278
100 350
101 112
101 250
101 257
101 296
102 118
102 131
102 139
102 205
102 239
102 287
103 151
103 216
104 128
104 144
104 160
104 222
104 283
104 316
105 114
105 162
105 192
105 237
105 247
106 118
106 172
106 238
106 300
106 311
107 108
107 112
107 126
107 139
107 141
107 142
107 169
107 297
109 147
109 165
109 233
109 249
109 321
110 174
110 315
111 117
111 173
111 220
111 284
111 328
111 350
112 177
112 230
112 244
112 260
113 164
113 216
113 245
113 286
114 158
114 167
114 333
115 140
115 153
115 189
116 136
116 179
117 232
117 253
117 264
117 306
117 340
118 189
118 213
118 217
118 243
118 275
118 326
119 127
119 242
119 247
119 268
120 141
120 170
120 187
120 190
120 192
120 201
120 239
120 266
120 311
120 343
121 152
121 178
121 204
121 220
121 222
121 288
122 147
122 154
122 191
122 295
123 296
124 233
124 278
124 307
124 317
124 318
125 127
125 196
125 218
125 228
125 235
125 269
125 271
125 291
125 334
125 352
126 129
126 171
126 239
126 299
128 150
128 297
129 231
129 289
130 248
131 261
131 317
132 141
132 150
132 161
132 178
132 194
132 222
132 265
132 303
132 319
134 254
134 260
135 136
135 143
135 285
135 321
135 356
136 159
137 207
137 227
138 206
138 277
139 145
139 244
140 178
141 347
142 149
142 229
142 242
142 258
142 262
142 279
142 328
143 156
143 221
144 154
144 210
144 299
144 313
145 158
145 203
145 323
146 198
146 255
146 299
146 330
146 348
146 349
148 198
149 179
149 214
149 241
149 309
150 185
150 188
150 215
150 227
150 240
150 245
150 258
151 153
151 182
151 329
151 353
152 153
152 353
153 222
153 340
154 226
154 246
155 174
155 192
155 205
155 249
155 269
156 175
156 199
156 229
156 248
156 271
157 240
157 252
157 302
157 342
158 196
158 217
158 314
158 335
160 161
161 253
162 164
162 295
164 167
164 203
164 216
164 237
165 220
165 250
165 273
166 187
166 225
166 319
166 340
167 230
167 325
168 191
168 204
168 267
168 318
168 322
168 326
170 214
170 296
171 305
172 173
172 190
172 193
172 197
172 216
172 226
172 282
172 283
172 309
172 332
172 344
175 316
177 253
177 291
177 310
178 181
178 302
179 232
179 259
179 292
179 311
180 210
181 215
181 251
181 351
182 338
183 190
183 201
183 292
183 341
184 298
185 254
186 314
186 339
186 345
187 199
187 210
187 257
187 259
189 237
189 238
191 228
191 252
191 261
191 324
191 331
191 344
192 218
192 297
192 343
194 303
194 338
195 217
195 225
195 236
198 223
198 346
199 211
199 285
200 340
201 255
202 237
203 252
203 300
203 347
204 244
204 279
205 210
205 291
206 246
206 248
206 275
206 315
206 330
207 292
208 219
209 276
211 232
211 300
211 319
212 231
212 258
214 298
214 345
216 221
216 270
216 305
217 269
218 231
218 279
218 301
219 268
219 281
219 337
220 352
221 232
221 301
221 332
224 260
225 262
225 272
225 325
225 333
226 274
227 308
228 242
228 335
229 267
230 278
230 309
231 236
231 265
232 304
233 303
234 259
234 331
237 325
237 349
240 245
241 295
244 293
245 255
245 318
245 349
246 288
247 256
247 273
247 354
248 333
249 256
249 305
249 331
250 265
250 347
251 304
253 264
257 279
257 306
257 349
264 280
264 282
265 328
266 335
269 346
271 312
275 289
275 336
275 356
278 329
279 303
280 319
280 339
281 330
283 330
284 355
285 345
286 287
288 304
288 311
289 298
291 327
294 322
296 327
299 336
304 307
305 351
310 320
311 323
314 336
314 353
316 339
322 348
325 356
340 342
347 353
