0 1
0 2
1 2
1 3
3 4
3 5
3 7
4 5
6 7
6 8
6 10
7 8
9 10
9 11
9 13
10 11
12 13
12 14
13 14
14 16
15 16
15 17
16 17
16 20
18 19
18 20
19 20
20 23
21 22
21 23
22 23
22 25
24 25
24 26
25 26
26 27
27 28
27 29
27 32
28 29
30 31
30 32
31 32
31 34
33 34
33 35
34 35
34 38
36 37
36 38
37 38
38 39
39 40
39 41
40 41
40 42
42 43
42 44
43 44
44 47
45 46
45 47
46 47
47 48
48 49
48 50
48 52
49 50
51 52
51 53
52 53
52 56
54 55
54 56
54 57
55 56
57 58
57 59
57 61
58 59
60 61
60 62
61 62
62 63
63 64
63 65
64 65
65 68
66 67
66 68
66 71
67 68
69 70
69 71
69 72
70 71
72 73
72 74
73 74
74 75
75 76
75 77
76 77
76 80
78 79
78 80
79 80
80 81
81 82
81 83
82 83
82 86
84 85
84 86
85 86
85 87
87 88
87 89
87 91
88 89
90 91
90 92
91 92
92 94
93 94
93 95
94 95
95 98
96 97
96 98
97 98
97 100
99 100
99 101
100 101
100 104
102 103
102 104
103 104
103 105
105 106
105 107
106 107
106 109
108 109
108 110
108 113
109 110
111 112
111 113
111 115
112 113
114 115
114 116
115 116
116 118
117 118
117 119
118 119
118 122
120 121
120 122
120 125
121 122
123 124
123 125
124 125
124 127
126 127
126 128
127 128
128 131
129 130
129 131
130 131
130 132
132 133
132 134
133 134
134 136
135 136
135 137
135 138
136 137
138 139
138 140
138 141
139 140
141 142
141 143
142 143
142 146
144 145
144 146
144 149
145 146
147 148
147 149
147 152
148 149
150 151
150 152
151 152
151 155
153 154
153 155
153 157
154 155
156 157
156 158
157 158
158 159
159 160
159 161
160 161
160 164
162 163
162 164
163 164
163 167
165 166
165 167
165 168
166 167
168 169
168 170
169 170
169 172
171 172
171 173
172 173
173 175
174 175
174 176
175 176
176 179
177 178
177 179
178 179
178 182
180 181
180 182
180 184
181 182
183 184
183 185
183 186
184 185
186 187
186 188
187 188
187 191
189 190
189 191
190 191
190 194
192 193
192 194
192 196
193 194
195 196
195 197
195 200
196 197
198 199
198 200
198 203
199 200
201 202
201 203
202 203
202 206
204 205
204 206
205 206
205 207
207 208
207 209
208 209
209 211
210 211
210 212
211 212
212 213
213 214
213 215
214 215
215 218
216 217
216 218
217 218
217 221
219 220
219 221
220 221
221 224
222 223
222 224
223 224
223 227
225 226
225 227
226 227
226 229
228 229
228 230
228 233
229 230
231 232
231 233
232 233
233 235
234 235
234 236
234 238
235 236
237 238
237 239
238 239
239 242
240 241
240 242
241 242
241 243
243 244
243 245
244 245
245 247
246 247
246 248
247 248
247 250
249 250
249 251
250 251
250 253
252 253
252 254
252 255
253 254
255 256
255 257
255 260
256 257
258 259
258 260
259 260
260 263
261 262
261 263
262 263
263 266
264 265
264 266
265 266
266 269
267 268
267 269
267 270
268 269
270 271
270 272
271 272
272 273
273 274
273 275
274 275
275 277
276 277
276 278
277 278
277 280
279 280
279 281
279 282
280 281
282 283
282 284
283 284
284 285
285 286
285 287
286 287
286 289
288 289
288 290
288 292
289 290
291 292
291 293
291 294
292 293
294 295
294 296
295 296
296 299
297 298
297 299
298 299
299 300
300 301
300 302
301 302
302 304
303 304
303 305
304 305
305 306
306 307
306 308
307 308
307 311
309 310
309 311
309 312
310 311
312 313
312 314
312 315
313 314
315 316
315 317
316 317
316 318
318 319
318 320
318 322
319 320
321 322
321 323
321 325
322 323
324 325
324 326
324 329
325 326
327 328
327 329
328 329
329 330
330 331
330 332
331 332
331 335
333 334
333 335
333 337
334 335
336 337
336 338
337 338
338 339
339 340
339 341
339 343
340 341
342 343
342 344
343 344
343 346
345 346
345 347
346 347
347 349
348 349
348 350
349 350
349 352
351 352
351 353
352 353
353 355
354 355
354 356
355 356
356 358
357 358
357 359
357 362
358 359
360 361
360 362
361 362
361 363
363 364
363 365
364 365
364 367
366 367
366 368
366 371
367 368
369 370
369 371
370 371
370 374
372 373
372 374
373 374
374 375
375 376
375 377
375 378
376 377
378 379
378 380
379 380
379 381
381 382
381 383
381 384
382 383
384 385
384 386
385 386
386 387
387 388
387 389
388 389
389 392
390 391
390 392
390 395
391 392
393 394
393 395
394 395
394 396
396 397
396 398
396 399
397 398
399 400
399 401
399 403
400 401
402 403
402 404
402 406
403 404
405 406
405 407
406 407
407 410
408 409
408 410
408 413
409 410
411 412
411 413
412 413
413 415
414 415
414 416
415 416
415 419
417 418
417 419
418 419
419 420
420 421
420 422
420 423
421 422
423 424
423 425
424 425
424 427
426 427
426 428
427 428
428 430
429 430
429 431
430 431
431 433
432 433
432 434
433 434
433 437
435 436
435 437
436 437
437 440
438 439
438 440
439 440
440 442
441 442
441 443
442 443
443 446
444 445
444 446
444 448
445 446
447 448
447 449
448 449
448 450
450 451
450 452
451 452
451 455
453 454
453 455
454 455
454 457
456 457
456 458
457 458
457 459
459 460
459 461
459 462
460 461
462 463
462 464
462 467
463 464
465 466
465 467
466 467
466 468
468 469
468 470
469 470
469 471
471 472
471 473
472 473
473 474
474 475
474 476
475 476
476 479
477 478
477 479
478 479
478 481
480 481
480 482
481 482
482 483
483 484
483 485
484 485
484 487
486 487
486 488
487 488
487 489
489 490
489 491
490 491
490 492
492 493
492 494
492 495
493 494
495 496
495 497
495 499
496 497
498 499
498 500
499 500
500 501
501 502
501 503
501 505
502 503
504 505
504 506
505 506
506 508
507 508
507 509
508 509
508 511
510 511
510 512
510 513
511 512
513 514
513 515
514 515
515 518
516 517
516 518
517 518
518 519
519 520
519 521
520 521
520 522
522 523
522 524
523 524
523 526
525 526
525 527
526 527
527 528
528 529
528 530
528 533
529 530
531 532
531 533
531 534
532 533
534 535
534 536
535 536
535 537
537 538
537 539
538 539
539 540
540 541
540 542
541 542
542 543
543 544
543 545
544 545
544 546
546 547
546 548
547 548
547 549
549 550
549 551
550 551
551 553
552 553
552 554
553 554
554 556
555 556
555 557
556 557
556 558
558 559
558 560
559 560
560 561
561 562
561 563
561 564
562 563
564 565
564 566
565 566
566 567
567 568
567 569
568 569
569 571
570 571
570 572
570 573
571 572
573 574
573 575
574 575
574 578
576 577
576 578
577 578
578 581
579 580
579 581
580 581
581 582
582 583
582 584
582 587
583 584
585 586
585 587
585 588
586 587
588 589
588 590
588 592
589 590
591 592
591 593
592 593
592 596
594 595
594 596
595 596
596 598
597 598
597 599
598 599
598 602
600 601
600 602
601 602
602 603
603 604
603 605
604 605
604 608
606 607
606 608
606 611
607 608
609 610
609 611
610 611
610 613
612 613
612 614
613 614
614 617
615 616
615 617
615 619
616 617
618 619
618 620
619 620
620 623
621 622
621 623
622 623
622 626
624 625
624 626
625 626
626 627
627 628
627 629
628 629
628 630
630 631
630 632
631 632
632 633
633 634
633 635
634 635
634 638
636 637
636 638
637 638
637 641
639 640
639 641
639 643
640 641
642 643
642 644
642 645
643 644
645 646
645 647
646 647
646 648
648 649
648 650
649 650
650 653
651 652
651 653
652 653
652 654
654 655
654 656
655 656
656 657
657 658
657 659
657 661
658 659
660 661
660 662
661 662
662 664
663 664
663 665
664 665
664 666
666 667
666 668
667 668
668 670
669 670
669 671
670 671
670 674
672 673
672 674
673 674
673 675
675 676
675 677
675 680
676 677
678 679
678 680
679 680
680 682
681 682
681 683
681 685
682 683
684 685
684 686
684 688
685 686
687 688
687 689
688 689
688 691
690 691
690 692
691 692
692 694
693 694
693 695
694 695
695 696
696 697
696 698
697 698
698 699
699 700
699 701
699 704
700 701
702 703
702 704
703 704
703 706
705 706
705 707
706 707
707 709
708 709
708 710
709 710
709 712
711 712
711 713
712 713
712 716
714 715
714 716
715 716
716 717
717 718
717 719
718 719
718 722
720 721
720 722
721 722
721 724
723 724
723 725
723 726
724 725
726 727
726 728
727 728
727 731
729 730
729 731
730 731
731 732
732 733
732 734
733 734
733 737
735 736
735 737
736 737
736 738
738 739
738 740
738 742
739 740
741 742
741 743
742 743
743 745
744 745
744 746
745 746
746 748
747 748
747 749
748 749
749 751
750 751
750 752
750 755
751 752
753 754
753 755
754 755
755 758
756 757
756 758
757 758
758 759
759 760
759 761
760 761
761 763
762 763
762 764
763 764
763 767
765 766
765 767
765 768
766 767
768 769
768 770
768 772
769 770
771 772
771 773
771 776
772 773
774 775
774 776
774 778
775 776
777 778
777 779
777 781
778 779
780 781
780 782
781 782
781 784
783 784
783 785
784 785
785 786
786 787
786 788
787 788
788 791
789 790
789 791
790 791
790 793
792 793
792 794
793 794
793 796
795 796
795 797
796 797
