0 1
0 2
1 2
1 3
3 4
3 5
3 7
4 5
6 7
6 8
6 10
7 8
9 10
9 11
9 13
10 11
12 13
12 14
13 14
14 16
15 16
15 17
16 17
16 20
18 19
18 20
19 20
20 23
21 22
21 23
22 23
22 25
24 25
24 26
25 26
26 27
27 28
27 29
27 32
28 29
30 31
30 32
31 32
31 34
33 34
33 35
34 35
34 38
36 37
36 38
37 38
38 39
39 40
39 41
40 41
40 42
42 43
42 44
43 44
44 47
45 46
45 47
46 47
47 48
48 49
48 50
48 52
49 50
51 52
51 53
52 53
52 56
54 55
54 56
54 57
55 56
57 58
57 59
57 61
58 59
60 61
60 62
61 62
62 63
63 64
63 65
64 65
65 68
66 67
66 68
66 71
67 68
69 70
69 71
69 72
70 71
72 73
72 74
73 74
74 75
75 76
75 77
76 77
76 80
78 79
78 80
79 80
80 81
81 82
81 83
82 83
82 86
84 85
84 86
85 86
85 87
87 88
87 89
87 91
88 89
90 91
90 92
91 92
92 94
93 94
93 95
94 95
95 98
96 97
96 98
97 98
