0 4
1 38
2 33
2 93
3 19
3 20
3 24
3 27
3 68
3 70
4 35
4 41
4 43
5 9
6 63
7 38
7 66
8 22
9 19
10 72
10 89
11 12
11 61
11 62
12 46
12 65
13 36
14 40
14 50
15 28
16 84
17 95
18 44
18 88
19 54
19 91
20 93
21 74
23 30
27 36
30 45
30 68
31 69
31 81
32 97
34 77
36 63
36 71
36 74
36 77
36 93
37 83
38 70
38 93
40 99
42 45
42 76
42 78
43 52
43 94
44 72
44 81
46 80
47 61
47 67
49 77
50 66
50 95
51 61
51 62
51 91
52 66
55 68
56 77
57 88
57 98
59 77
62 85
63 74
65 69
65 89
66 92
67 83
68 97
70 82
71 79
74 76
74 90
74 94
77 79
78 80
80 96
80 99
84 89
91 93
95 96
