0 39
0 41
0 97
0 182
0 214
1 62
1 73
1 85
2 30
2 31
2 44
2 62
2 73
2 122
2 180
3 51
3 87
3 100
3 177
3 192
4 105
4 137
4 207
4 216
5 29
5 43
5 97
5 129
5 164
5 172
5 177
6 32
6 35
6 68
6 75
6 112
6 145
6 182
7 103
7 148
8 13
8 40
8 126
8 156
8 167
8 175
9 82
9 90
9 104
9 208
10 65
10 73
10 192
11 90
11 107
11 111
11 146
11 157
12 51
12 79
12 94
12 121
13 74
13 81
13 186
13 197
14 130
14 136
14 217
15 116
15 158
15 172
15 178
15 179
15 187
16 120
17 51
17 91
17 146
17 163
17 168
18 67
18 89
18 98
18 144
18 151
18 152
18 155
19 30
19 38
19 150
19 180
19 182
21 55
21 143
21 183
22 48
22 126
22 220
23 37
23 54
23 101
23 119
23 123
23 193
23 221
24 42
24 123
25 32
25 111
25 159
26 27
26 155
26 182
27 35
27 42
27 143
27 160
27 200
28 87
28 93
28 127
28 180
29 49
29 85
29 143
29 180
29 182
29 210
29 221
30 45
30 175
30 200
31 53
31 78
31 85
31 139
32 113
33 158
33 214
34 35
34 92
35 54
35 118
35 139
35 150
35 192
35 197
35 216
36 37
36 43
36 53
36 94
36 117
36 149
36 174
36 189
36 204
39 108
39 174
39 188
40 115
40 152
40 182
40 213
41 113
41 219
42 146
43 75
43 83
43 85
43 111
44 140
44 149
44 161
45 100
45 159
45 176
45 213
46 81
46 154
46 157
46 192
46 222
47 71
47 93
47 128
47 134
48 52
48 77
48 105
48 113
48 179
48 181
48 189
49 51
49 84
49 152
49 160
49 222
50 98
50 144
51 187
53 65
53 111
53 185
54 85
54 122
54 135
54 155
54 210
55 63
55 136
55 153
55 168
55 188
55 203
56 59
56 103
56 151
57 67
57 118
57 157
57 164
57 204
58 63
58 195
58 210
59 89
59 120
59 121
60 111
60 198
61 114
61 116
62 78
62 98
63 71
63 141
64 68
64 69
64 137
65 66
65 134
65 196
65 221
66 80
66 87
67 127
67 151
68 110
68 118
68 135
68 170
69 103
69 178
70 147
70 160
71 79
71 92
71 169
71 205
72 113
72 155
72 179
72 202
74 176
74 218
75 143
75 186
75 188
75 208
76 80
76 125
76 172
77 78
77 162
78 79
78 86
78 182
79 132
80 90
80 99
80 140
80 152
80 186
80 207
80 220
80 221
82 107
82 108
82 166
82 199
83 106
83 141
83 149
84 161
84 182
84 221
86 194
88 127
88 190
89 184
89 222
90 141
90 159
90 174
90 196
91 97
91 160
91 168
91 185
91 188
91 196
91 200
92 187
93 196
94 110
94 180
94 193
94 203
94 213
95 119
95 151
96 99
96 145
97 186
97 188
97 196
98 110
98 172
98 207
98 209
98 222
99 138
99 171
99 198
100 146
100 172
101 177
101 192
102 105
102 168
102 177
103 124
103 207
104 123
104 161
105 194
106 162
106 213
107 119
107 155
107 180
108 166
108 183
109 130
109 134
109 151
111 165
112 174
112 182
113 115
113 157
113 188
114 156
115 134
115 138
116 149
116 216
116 222
117 133
117 136
118 123
119 171
120 122
120 183
120 222
121 146
121 188
123 177
123 210
124 142
124 152
124 216
126 132
126 138
126 168
126 210
127 145
127 181
127 201
127 209
128 156
128 199
128 216
128 217
129 203
129 217
130 191
130 210
131 137
131 187
131 214
131 217
132 154
132 162
133 139
133 178
133 196
134 145
134 152
136 152
136 165
136 217
137 145
137 174
138 153
138 175
138 218
138 220
139 140
139 183
139 188
140 173
141 144
141 146
141 189
141 217
142 167
144 211
145 206
145 222
146 168
146 195
146 210
148 150
148 214
149 160
149 193
150 195
150 212
151 219
152 178
153 182
153 222
154 205
154 208
155 189
156 161
156 191
158 183
158 185
159 178
159 184
160 163
160 198
162 178
164 175
165 167
166 168
169 192
169 200
170 210
170 220
171 193
174 188
174 206
175 192
177 213
178 192
179 207
180 204
181 213
182 204
185 206
186 192
188 190
188 207
189 191
189 204
192 210
192 215
194 222
195 197
197 216
206 210
207 208
208 217
209 211
209 216
210 216
220 222
