0 90
0 102
0 251
0 266
0 383
0 613
0 626
0 637
0 657
1 25
1 32
1 35
1 115
1 117
1 138
1 174
1 179
1 218
1 252
1 311
1 322
1 333
1 367
1 409
1 456
1 457
1 530
1 543
1 570
1 587
1 590
1 620
1 626
1 676
1 678
1 693
1 696
1 706
2 3
2 51
2 66
2 71
2 111
2 138
2 154
2 183
2 433
2 466
2 490
2 556
2 582
2 696
3 101
3 114
3 126
3 225
3 230
3 238
3 364
3 398
3 405
3 518
3 541
3 558
3 578
3 634
3 702
3 705
4 13
4 38
4 74
4 144
4 229
4 375
4 407
4 425
4 441
4 442
4 659
5 8
5 18
5 123
5 167
5 230
5 232
5 258
5 322
5 354
5 378
5 399
5 466
5 551
5 561
5 575
5 638
5 647
5 702
6 68
6 105
6 106
6 128
6 140
6 180
6 404
6 466
6 472
6 510
7 12
7 85
7 349
7 370
7 379
7 460
7 515
7 655
7 674
7 686
7 689
8 227
8 234
8 248
8 279
8 371
8 377
8 404
8 417
8 434
8 511
8 514
8 561
8 563
8 591
8 597
8 607
8 673
9 92
9 112
9 120
9 172
9 180
9 188
9 209
9 316
9 341
9 358
9 359
9 461
9 531
9 552
10 18
10 98
10 116
10 118
10 126
10 279
10 295
10 322
10 465
10 468
10 588
10 659
10 680
11 13
11 22
11 32
11 56
11 114
11 188
11 245
11 295
11 304
11 344
11 397
11 510
11 544
11 569
11 581
11 591
11 592
11 603
11 650
11 685
11 689
12 16
12 166
12 277
12 346
13 64
13 105
13 225
13 330
13 363
13 397
13 446
13 457
13 485
13 545
13 554
13 601
13 658
14 109
14 123
14 146
14 177
14 266
14 307
14 355
14 366
14 389
14 474
14 567
14 590
14 607
14 616
14 686
14 700
15 92
15 243
15 300
15 358
15 400
15 428
15 449
15 523
15 526
15 550
15 567
15 668
15 690
16 37
16 73
16 125
16 155
16 215
16 311
16 441
16 490
16 521
16 547
16 638
16 704
16 706
17 132
17 202
17 342
17 395
17 684
18 51
18 65
18 91
18 129
18 241
18 307
18 308
18 313
18 382
18 577
18 611
18 635
18 639
18 703
18 704
19 94
19 100
19 182
19 250
19 277
19 313
19 454
19 683
20 94
20 98
20 206
20 315
20 439
20 456
20 478
20 620
20 655
20 704
21 78
21 82
21 104
21 230
21 370
21 384
21 400
21 406
21 455
21 625
22 96
22 101
22 159
22 252
22 253
22 375
22 415
22 491
22 514
22 531
22 549
22 579
22 652
22 675
22 692
23 30
23 42
23 80
23 146
23 147
23 239
23 293
23 314
23 350
23 414
23 483
23 511
23 587
23 626
23 636
23 644
23 651
23 670
24 28
24 230
24 297
24 533
24 667
24 694
24 698
25 54
25 97
25 106
25 132
25 173
25 277
25 290
25 468
25 486
25 567
25 590
25 646
25 701
26 89
26 95
26 137
26 146
26 215
26 223
26 266
26 312
26 323
26 363
26 377
26 435
26 445
26 516
26 662
27 56
27 302
27 325
27 415
27 423
27 435
27 468
27 513
27 549
27 636
28 86
28 129
28 230
28 315
28 356
28 401
28 434
28 486
28 515
28 630
29 72
29 147
29 181
29 202
29 424
29 435
29 442
29 448
29 481
29 500
29 551
29 562
29 612
29 660
29 685
30 89
30 153
30 165
30 265
30 282
30 284
30 297
30 313
30 329
30 346
30 388
30 467
30 501
30 636
30 647
30 658
31 71
31 98
31 136
31 200
31 370
31 404
31 424
31 440
31 529
32 89
32 90
32 132
32 202
32 208
32 314
32 427
32 525
32 587
32 592
32 610
32 645
33 54
33 103
33 163
33 340
33 418
33 445
33 538
33 636
34 61
34 83
34 106
34 118
34 246
34 306
34 318
34 322
34 365
34 367
34 463
34 498
34 555
35 40
35 62
35 77
35 89
35 108
35 123
35 133
35 223
35 234
35 343
35 385
35 391
35 436
35 466
35 544
35 550
35 577
35 658
35 664
35 697
36 40
36 75
36 90
36 157
36 236
36 244
36 296
36 307
36 447
36 496
36 558
36 577
36 586
36 597
36 649
37 124
37 125
37 146
37 163
37 282
37 371
37 413
37 455
37 456
37 553
37 585
37 638
37 681
37 691
38 87
38 131
38 184
38 215
38 223
38 262
38 311
38 353
38 380
38 399
38 433
38 448
38 482
38 511
38 586
39 57
39 82
39 93
39 109
39 132
39 161
39 168
39 210
39 285
39 425
39 469
39 512
39 513
39 596
39 617
39 651
40 48
40 73
40 96
40 140
40 152
40 161
40 180
40 251
40 260
40 317
40 388
40 401
40 409
40 530
40 548
40 672
40 695
41 217
41 331
41 348
41 372
41 397
41 460
41 660
42 47
42 84
42 97
42 104
42 152
42 193
42 208
42 262
42 290
42 293
42 367
42 381
42 466
42 482
42 503
42 509
42 560
42 607
42 659
43 72
43 202
43 212
43 236
43 248
43 293
43 296
43 333
43 336
43 351
43 352
43 375
43 401
43 411
43 443
43 462
43 518
43 567
43 588
43 635
43 679
43 701
44 77
44 181
44 194
44 235
44 425
44 431
44 457
44 467
44 474
44 475
44 519
44 556
44 576
44 588
44 600
44 690
44 706
45 62
45 63
45 84
45 121
45 135
45 137
45 191
45 263
45 278
45 359
45 393
45 455
45 457
45 535
45 575
45 695
46 72
46 143
46 245
46 305
46 307
46 341
46 380
46 393
46 499
46 561
46 566
46 580
46 584
46 611
46 685
47 103
47 142
47 167
47 312
47 400
47 508
47 517
47 518
47 655
47 693
47 705
48 58
48 101
48 103
48 231
48 246
48 335
48 455
48 547
48 653
49 90
49 130
49 193
49 332
49 455
49 514
49 539
49 569
49 596
49 660
49 671
50 146
50 246
50 376
50 378
50 534
50 535
50 581
50 582
50 613
50 616
50 658
50 672
51 86
51 94
51 202
51 244
51 265
51 322
51 405
51 492
51 566
51 647
51 667
51 693
51 702
51 704
52 78
52 88
52 115
52 121
52 133
52 151
52 204
52 254
52 276
52 291
52 388
52 400
52 411
52 469
52 505
52 569
52 662
52 695
52 697
53 98
53 272
53 415
53 419
53 505
53 514
53 537
53 634
54 113
54 115
54 161
54 201
54 262
54 264
54 289
54 484
54 485
54 531
54 580
54 704
55 71
55 90
55 91
55 202
55 267
55 403
55 417
55 469
55 536
55 538
55 547
55 597
56 120
56 135
56 233
56 245
56 367
56 369
56 435
56 508
56 573
56 646
56 649
56 697
57 113
57 301
57 310
57 324
57 410
57 431
57 513
57 532
57 544
57 554
57 591
57 685
58 83
58 97
58 271
58 284
58 323
58 337
58 414
58 418
58 444
58 459
58 472
58 589
58 599
58 642
58 659
58 683
59 118
59 234
59 265
59 294
59 357
59 372
59 384
59 386
59 400
59 437
59 544
59 584
59 597
59 627
59 654
59 705
60 181
60 225
60 281
60 309
60 430
60 436
60 514
60 572
60 598
60 684
61 137
61 184
61 349
61 475
61 572
61 701
62 298
62 317
62 348
62 372
62 434
62 442
62 476
62 659
63 88
63 96
63 123
63 146
63 148
63 155
63 213
63 307
63 504
63 681
64 186
64 200
64 221
64 252
64 257
64 311
64 326
64 346
64 394
64 423
64 456
64 517
64 558
64 564
64 650
64 658
65 85
65 178
65 303
65 336
65 346
65 349
65 392
65 466
65 488
65 495
65 624
65 646
65 667
65 694
66 95
66 143
66 147
66 152
66 281
66 291
66 306
66 366
66 472
66 480
66 509
66 561
66 591
66 703
67 171
67 208
67 277
67 300
67 551
67 579
67 649
68 78
68 109
68 136
68 213
68 300
68 440
68 482
68 494
68 614
68 634
69 132
69 210
69 258
69 369
69 393
69 419
69 422
69 488
69 509
69 556
69 560
69 635
69 670
69 677
69 697
70 99
70 111
70 189
70 232
70 337
70 350
70 362
70 384
70 388
71 86
71 234
71 352
71 394
71 417
71 460
71 482
71 547
71 614
71 620
71 695
72 150
72 169
72 218
72 228
72 315
72 418
72 531
72 579
72 593
72 648
72 665
72 700
72 705
73 92
73 242
73 255
73 279
73 308
73 347
73 371
73 395
73 487
73 524
73 607
73 698
74 77
74 87
74 88
74 105
74 147
74 208
74 243
74 256
74 286
74 302
74 376
74 388
74 392
74 446
74 494
74 517
74 537
74 558
74 577
74 600
74 619
74 624
74 650
75 104
75 117
75 126
75 198
75 407
75 414
75 416
75 471
75 499
75 510
75 528
75 608
75 621
76 191
76 206
76 208
76 285
76 453
76 489
76 564
76 605
76 658
76 668
76 700
77 101
77 157
77 218
77 242
77 302
77 309
77 361
77 390
77 500
77 524
77 530
77 639
77 702
78 142
78 156
78 184
78 288
78 306
78 335
78 356
78 358
78 405
78 468
78 507
78 526
78 534
78 574
78 671
79 138
79 149
79 205
79 233
79 241
79 381
79 556
79 563
79 572
79 583
79 600
79 618
79 665
79 676
80 143
80 174
80 198
80 223
80 224
80 245
80 350
80 354
80 421
80 434
80 453
80 463
80 540
81 232
81 249
81 441
81 633
82 104
82 134
82 396
82 462
82 509
82 516
82 588
82 651
82 666
83 210
83 321
83 415
83 432
83 499
83 588
83 611
83 636
83 668
84 103
84 119
84 168
84 268
84 392
84 429
84 457
84 509
84 564
84 616
84 642
84 683
85 87
85 105
85 126
85 266
85 299
85 381
85 452
85 475
85 507
85 536
85 567
85 623
86 101
86 105
86 129
86 310
86 313
86 375
86 421
86 461
86 466
86 595
86 624
87 100
87 189
87 240
87 281
87 319
87 362
87 424
87 494
87 525
87 622
87 666
87 673
87 679
88 147
88 172
88 230
88 294
88 307
88 417
88 437
88 481
88 495
88 520
88 521
88 535
88 605
88 609
88 671
88 679
89 102
89 105
89 301
89 336
89 338
89 424
89 640
89 647
89 672
90 127
90 148
90 160
90 214
90 227
90 238
90 244
90 284
90 315
90 345
90 359
90 408
90 426
90 483
90 548
90 605
90 636
91 97
91 120
91 157
91 176
91 192
91 216
91 255
91 366
91 407
91 442
91 447
91 517
91 525
91 585
91 626
91 630
91 670
91 682
92 120
92 230
92 247
92 301
92 312
92 359
92 415
92 428
92 485
92 497
92 545
92 547
92 661
92 681
93 259
93 274
93 284
93 298
93 318
93 347
93 357
93 476
93 477
93 606
93 610
93 641
93 649
94 97
94 102
94 104
94 134
94 286
94 297
94 308
94 320
94 338
94 357
94 391
94 442
94 474
94 516
94 587
94 591
94 636
94 639
94 693
95 147
95 164
95 172
95 340
95 412
95 430
95 467
95 510
95 656
95 692
96 145
96 163
96 191
96 347
96 388
96 409
96 432
96 444
96 480
96 494
96 499
96 537
96 641
97 101
97 225
97 304
97 384
97 392
97 460
97 542
97 560
98 114
98 169
98 201
98 227
98 232
98 351
98 361
98 399
98 543
98 557
98 609
98 623
99 144
99 192
99 446
99 476
99 542
99 616
99 673
100 129
100 214
100 218
100 245
100 281
100 382
100 525
100 560
100 613
101 285
101 364
101 437
101 482
101 509
101 524
101 680
102 201
102 216
102 298
102 322
102 373
102 406
102 478
102 553
102 661
103 191
103 197
103 266
103 296
103 306
103 346
103 596
103 607
103 608
103 613
103 625
104 117
104 118
104 143
104 167
104 184
104 196
104 226
104 227
104 309
104 342
104 401
104 575
104 657
104 692
105 192
105 277
105 292
105 301
105 316
105 357
105 363
105 387
105 398
105 451
105 456
105 593
105 610
105 623
106 117
106 125
106 361
106 383
106 408
106 454
106 532
106 565
107 121
107 144
107 157
107 190
107 197
107 251
107 343
107 438
107 520
107 549
107 644
108 119
108 247
108 268
108 295
108 307
108 317
108 352
108 362
108 390
108 421
108 449
108 518
108 541
109 110
109 113
109 117
109 143
109 182
109 195
109 198
109 203
109 218
109 392
109 419
109 484
110 194
110 230
110 380
110 404
110 405
110 412
110 413
110 536
110 570
110 667
110 686
110 706
111 117
111 133
111 176
111 335
111 481
111 601
111 700
112 258
112 380
112 399
112 436
112 559
112 576
112 603
112 648
112 674
113 167
113 176
113 208
113 210
113 245
113 258
113 296
113 375
113 396
113 468
113 497
113 519
113 559
113 584
113 592
113 616
113 625
113 638
113 642
113 670
113 675
114 149
114 273
114 309
114 363
114 400
114 467
114 478
114 525
114 572
114 573
114 608
115 223
115 254
115 292
115 303
115 392
115 502
115 509
115 520
115 523
115 583
115 612
115 656
116 161
116 181
116 225
116 431
116 485
116 657
116 684
116 695
117 189
117 209
117 235
117 302
117 391
117 431
117 469
117 557
117 637
117 669
118 125
118 154
118 243
118 295
118 351
118 432
118 437
118 531
118 559
118 644
118 669
119 176
119 268
119 280
119 338
119 353
119 388
119 461
119 467
119 518
119 557
119 585
120 155
120 202
120 207
120 259
120 274
120 290
120 328
120 343
120 351
120 391
120 422
120 447
120 510
120 526
120 619
120 622
120 653
121 308
121 313
121 315
121 317
121 324
121 431
121 462
121 468
121 476
121 515
121 521
121 574
121 621
121 624
121 706
122 125
122 139
122 167
122 191
122 220
122 236
122 380
122 397
122 430
122 524
122 547
122 600
122 610
123 167
123 278
123 332
123 455
123 532
123 596
123 654
123 686
124 202
124 213
124 351
124 356
124 380
124 384
124 432
124 515
124 551
124 559
124 614
124 672
125 126
125 143
125 145
125 216
125 217
125 295
125 301
125 406
125 416
125 418
125 463
125 466
125 535
125 616
125 652
125 705
126 130
126 219
126 247
126 282
126 326
126 381
126 407
126 434
126 498
126 536
126 587
126 635
126 645
127 192
127 239
127 261
127 331
127 358
127 386
127 494
127 527
127 535
127 537
127 540
127 562
127 695
128 186
128 372
128 376
128 391
128 466
128 479
128 515
128 661
129 157
129 181
129 183
129 270
129 282
129 300
129 323
129 324
129 439
129 638
129 668
129 685
130 169
130 170
130 201
130 303
130 305
130 308
130 318
130 383
130 408
130 495
130 571
130 703
131 141
131 142
131 147
131 156
131 258
131 270
131 287
131 392
131 447
131 452
131 510
131 540
131 610
131 694
132 143
132 156
132 176
132 295
132 410
132 508
132 510
132 608
133 165
133 186
133 246
133 313
133 314
133 388
133 447
133 549
134 135
134 174
134 229
134 238
134 255
134 355
134 421
134 465
134 483
134 512
134 523
134 537
134 587
135 154
135 160
135 198
135 265
135 291
135 355
135 379
135 392
135 465
135 616
136 216
136 221
136 233
136 239
136 242
136 246
136 254
136 269
136 295
136 421
136 433
136 460
136 556
136 574
136 619
136 678
137 195
137 207
137 234
137 258
137 263
137 284
137 311
137 382
137 497
137 539
137 630
137 674
137 687
138 149
138 316
138 318
138 373
138 396
138 407
138 493
138 505
138 572
138 646
138 701
139 193
139 475
139 485
139 493
139 607
139 668
140 198
140 235
140 329
140 330
140 450
140 466
140 470
140 484
140 490
140 504
140 515
140 521
140 588
141 255
141 282
141 314
141 326
141 354
141 375
141 399
141 438
141 487
141 648
141 661
141 662
141 706
142 243
142 312
142 556
142 609
142 612
142 619
143 164
143 197
143 308
143 377
143 413
143 436
143 526
144 180
144 193
144 203
144 284
144 292
144 306
144 334
144 341
144 378
144 430
144 456
144 467
144 622
144 688
144 703
145 147
145 199
145 344
145 403
145 408
145 488
145 490
145 566
145 575
145 586
145 612
145 644
146 320
146 364
146 368
146 376
146 414
146 451
146 491
146 583
147 176
147 223
147 256
147 320
147 380
147 445
147 466
147 533
147 638
147 654
147 689
148 157
148 176
148 312
148 338
148 351
148 361
148 406
148 448
148 651
148 698
149 179
149 255
149 280
149 294
149 298
149 376
149 398
149 489
149 495
149 508
149 545
149 546
149 655
149 702
150 330
150 332
150 346
150 352
150 406
150 426
150 486
150 489
150 514
150 588
150 654
151 205
151 332
151 379
151 484
151 550
151 628
151 662
151 688
152 153
152 252
152 272
152 302
152 397
152 485
152 509
152 525
152 547
152 643
152 663
152 705
153 202
153 288
153 294
153 295
153 305
153 358
153 359
153 374
153 383
153 418
153 440
153 500
153 512
153 541
153 627
153 633
153 655
153 669
153 676
153 677
153 686
153 689
154 230
154 254
154 341
154 342
154 368
154 423
154 625
154 630
154 648
155 173
155 235
155 243
155 267
155 295
155 325
155 355
155 369
155 465
155 511
155 540
155 589
155 613
155 651
156 187
156 228
156 358
156 499
156 582
156 643
156 703
157 226
157 493
157 526
157 561
157 627
157 633
157 706
158 246
158 250
158 256
158 316
158 319
158 330
158 365
158 392
158 439
158 594
158 664
158 666
158 681
159 246
159 280
159 293
159 348
159 396
159 397
159 425
159 508
159 512
159 530
159 569
159 580
159 584
159 658
160 172
160 205
160 227
160 291
160 323
160 557
160 598
160 628
160 703
161 187
161 213
161 251
161 299
161 367
161 379
161 424
161 504
161 543
161 639
161 663
161 664
162 280
162 383
162 449
162 510
162 607
162 662
162 688
163 268
163 372
163 404
163 517
163 525
163 540
163 551
163 613
163 644
163 685
163 704
164 195
164 226
164 237
164 284
164 333
164 336
164 351
164 687
164 697
165 172
165 204
165 206
165 232
165 233
165 261
165 263
165 431
165 618
165 639
166 302
166 407
166 434
166 441
166 453
166 481
166 515
166 639
167 178
167 260
167 299
167 390
167 403
167 449
167 705
168 184
168 267
168 283
168 303
168 309
168 341
168 357
168 384
168 390
168 393
168 426
168 439
168 444
168 451
168 517
168 543
168 593
169 242
169 285
169 292
169 311
169 320
169 321
169 432
169 436
169 448
169 528
170 275
170 325
170 372
170 406
170 456
170 469
170 532
170 543
170 557
170 600
170 612
170 666
171 230
171 376
171 397
171 449
171 469
171 554
171 564
171 683
171 703
171 704
172 201
172 218
172 255
172 310
172 330
172 346
172 528
172 556
172 577
172 610
172 625
173 181
173 245
173 246
173 308
173 309
173 409
173 459
173 505
173 507
173 531
173 695
174 236
174 329
174 430
174 604
174 609
174 619
174 649
175 190
175 258
175 298
175 314
175 410
175 462
175 560
175 628
175 668
176 236
176 300
176 341
176 381
176 535
176 575
176 578
176 594
176 633
176 699
177 258
177 314
177 347
177 364
177 367
177 388
177 412
177 436
177 472
177 517
177 520
177 550
177 611
177 659
177 666
177 687
177 697
178 267
178 325
178 335
178 357
178 458
178 469
178 588
178 632
179 288
179 308
179 313
179 355
179 388
179 391
179 589
179 594
179 633
179 683
179 701
180 189
180 220
180 284
180 428
180 437
180 554
180 576
180 680
180 703
181 209
181 260
181 271
181 275
181 330
181 382
181 438
181 447
181 609
181 612
181 645
182 267
182 334
182 346
182 376
182 423
182 427
182 428
182 449
182 463
182 506
182 510
182 538
182 540
182 589
182 684
183 187
183 221
183 263
183 345
183 403
183 451
183 472
183 556
183 593
183 619
183 644
183 655
184 238
184 394
184 640
184 653
185 198
185 273
185 300
185 331
185 487
185 500
185 562
185 580
185 591
185 634
186 223
186 237
186 308
186 324
186 358
186 385
186 398
186 485
186 496
186 514
186 643
186 649
187 242
187 268
187 411
187 444
187 469
187 477
187 495
187 524
188 275
188 361
188 369
188 377
188 386
188 403
188 458
188 462
188 518
188 570
188 572
188 686
189 201
189 244
189 248
189 329
189 349
189 436
189 490
189 536
189 566
189 599
189 621
189 629
189 634
189 640
189 690
190 200
190 223
190 277
190 361
190 376
190 386
190 398
190 426
190 592
190 598
190 613
190 630
190 632
190 650
190 693
191 299
191 331
191 334
191 335
191 377
191 472
191 509
191 510
191 523
191 540
191 656
192 209
192 236
192 296
192 315
192 329
192 367
192 400
192 412
192 440
192 513
192 516
193 288
193 439
193 458
193 633
193 661
193 674
194 200
194 217
194 322
194 448
194 628
194 667
195 205
195 278
195 283
195 461
195 664
196 304
196 552
196 563
196 691
196 695
196 697
197 245
197 260
197 271
197 273
197 329
197 471
197 518
197 547
197 582
197 664
198 201
198 265
198 301
198 334
198 361
198 406
198 427
198 564
198 575
198 610
198 616
198 681
198 688
199 242
199 250
199 425
199 432
199 447
199 497
199 581
199 609
199 694
199 703
200 207
200 219
200 272
200 446
200 473
200 482
200 485
200 522
200 532
200 540
200 545
200 573
200 640
200 689
201 223
201 295
201 371
201 388
201 443
201 479
202 242
202 312
202 338
202 370
202 380
202 430
202 443
202 463
202 464
202 562
202 606
202 639
203 205
203 224
203 230
203 283
203 428
203 586
203 643
203 676
204 255
204 381
204 416
204 420
204 509
204 523
204 533
204 544
204 552
204 554
204 563
204 590
204 657
205 298
205 335
205 376
205 396
205 411
205 425
205 446
205 471
205 544
205 616
205 684
206 296
206 315
206 318
206 320
206 345
206 384
206 418
206 468
206 474
206 479
206 518
206 570
206 648
206 688
207 237
207 258
207 268
207 283
207 310
207 348
207 358
207 397
207 456
207 499
207 617
207 685
208 221
208 229
208 309
208 353
208 418
208 641
209 216
209 238
209 252
209 394
209 420
209 491
209 540
209 640
209 656
210 273
210 288
210 346
210 506
210 583
210 668
211 214
211 242
211 261
211 323
211 416
211 419
211 571
211 630
211 667
212 323
212 370
212 402
212 409
212 434
212 460
212 553
212 560
212 565
212 602
213 229
213 289
213 408
213 417
213 455
213 523
213 579
213 597
213 673
214 240
214 337
214 338
214 366
214 410
214 451
214 484
214 504
214 515
214 624
215 285
215 297
215 354
215 433
215 471
215 544
215 635
215 688
216 265
216 296
216 355
216 517
216 586
216 623
217 234
217 305
217 480
217 538
217 569
217 607
218 284
218 361
218 373
218 408
218 520
218 563
218 572
219 241
219 279
219 359
219 368
219 407
219 521
219 654
219 656
219 695
220 353
220 392
220 418
220 423
220 443
220 564
220 623
220 682
221 311
221 330
221 453
221 553
222 353
222 383
222 451
222 535
222 567
222 568
222 623
222 643
222 685
223 298
223 384
223 427
223 461
223 488
223 508
223 536
223 588
223 589
223 610
223 638
223 659
224 267
224 370
224 387
224 413
224 483
224 538
224 546
224 601
224 649
224 685
224 694
225 265
225 315
225 400
225 524
225 556
225 666
226 255
226 279
226 282
226 317
226 339
226 468
226 551
226 598
226 646
226 656
226 699
227 229
227 352
227 401
227 448
227 512
227 626
227 670
228 312
228 333
228 395
228 445
228 488
228 498
228 601
228 644
229 250
229 339
229 448
229 636
229 692
230 275
230 342
230 412
230 507
230 619
230 640
231 237
231 306
231 315
231 420
231 421
231 479
231 513
232 257
232 310
232 327
232 339
232 442
232 446
232 541
232 605
232 606
232 608
232 670
233 249
233 338
233 347
233 451
233 455
233 457
233 482
233 497
233 536
233 636
233 705
234 283
234 365
234 407
234 421
234 428
234 442
234 555
234 605
234 704
235 275
235 298
235 431
235 446
235 499
235 520
235 639
235 670
235 700
235 703
236 344
236 348
236 382
236 426
236 441
236 445
236 682
237 319
237 336
237 439
237 463
237 494
237 533
237 619
237 637
237 693
238 304
238 391
238 501
238 523
238 568
238 576
238 611
238 640
238 674
239 291
239 324
239 385
239 431
239 439
239 503
239 539
239 561
239 587
239 676
239 687
240 348
240 382
240 391
240 426
240 459
240 487
240 693
241 323
241 336
241 354
241 495
241 668
241 675
242 268
242 311
242 336
242 391
242 413
242 613
242 652
242 655
243 246
243 254
243 264
243 267
243 268
243 374
243 377
243 378
243 445
243 468
243 541
243 569
243 690
244 269
244 301
244 391
244 454
244 480
244 573
244 653
244 661
244 685
245 246
245 251
245 299
245 341
245 390
245 404
245 409
245 593
246 391
246 397
246 399
246 402
247 393
247 424
247 429
247 487
247 657
247 680
247 682
248 263
248 271
248 320
248 323
248 331
248 395
248 413
248 448
248 454
248 585
248 614
249 288
249 300
249 316
249 331
249 357
249 466
249 483
249 486
249 575
249 608
249 630
249 671
250 308
250 311
250 317
250 320
250 371
250 385
250 454
250 481
250 496
250 510
250 541
250 565
250 586
250 594
250 653
251 289
251 449
251 453
251 532
251 548
251 558
251 590
251 618
251 649
251 653
252 292
252 330
252 334
252 350
252 423
252 561
252 578
252 687
253 324
253 358
253 359
253 421
253 447
253 461
253 512
253 533
253 597
254 270
254 322
254 389
254 418
254 450
254 512
254 519
254 640
255 372
255 431
255 452
255 520
255 544
255 547
255 557
255 601
255 682
255 704
256 267
256 313
256 350
256 436
256 483
256 608
256 655
256 664
256 695
256 703
257 261
257 470
257 540
257 552
257 555
257 588
257 615
257 652
257 660
257 663
258 269
258 358
258 556
258 665
259 274
259 294
259 352
259 416
259 430
259 456
259 595
260 262
260 302
260 304
260 382
260 477
260 516
260 517
260 556
260 557
260 591
260 599
260 615
260 634
261 270
261 329
261 357
261 366
261 423
261 442
261 543
261 545
261 596
261 632
262 291
262 337
262 364
262 586
262 598
262 602
262 626
262 674
262 705
263 296
263 372
263 390
263 460
263 461
263 495
263 550
263 594
263 678
264 302
264 398
264 516
264 526
264 535
264 546
264 645
264 694
265 298
265 300
265 334
265 340
265 427
265 428
265 630
265 673
266 373
266 388
266 393
266 396
266 453
266 471
266 493
266 619
266 661
266 697
267 268
267 283
267 309
267 315
267 316
267 407
267 444
267 447
267 497
267 541
267 611
267 664
267 677
267 686
267 697
267 701
267 702
268 276
268 410
268 439
268 440
268 649
269 286
269 325
269 364
269 393
269 464
269 468
269 676
270 327
270 380
270 546
270 564
270 621
270 625
271 336
271 343
271 349
271 354
271 361
271 424
271 450
271 467
271 488
271 521
271 620
271 683
271 695
272 279
272 323
272 358
272 695
272 703
273 364
273 418
273 445
273 618
273 654
274 325
274 422
274 516
274 533
274 552
274 579
275 356
275 381
275 452
275 535
276 434
276 489
276 497
276 583
276 591
276 599
276 605
276 665
276 685
276 689
276 690
277 279
277 337
277 446
277 501
277 516
277 556
277 613
277 691
278 286
278 447
278 462
278 636
278 687
279 280
279 311
279 367
279 373
279 420
279 423
279 437
279 438
279 479
279 511
279 543
279 552
280 340
280 366
280 378
280 381
280 415
280 529
280 587
280 606
280 705
281 595
281 688
282 295
282 329
282 353
282 356
282 489
282 551
283 315
283 321
283 332
283 337
283 444
283 458
283 459
283 528
283 577
283 586
283 626
283 656
284 340
284 352
284 454
284 455
284 513
284 551
284 629
284 683
285 317
285 420
285 435
286 391
286 401
286 501
287 467
287 620
287 675
288 377
288 393
288 441
288 589
288 591
288 624
289 350
289 426
289 490
289 578
289 613
289 628
289 689
290 351
290 371
290 380
290 393
290 452
291 327
291 343
291 353
291 411
291 450
291 468
291 544
291 586
291 610
291 612
291 625
291 646
292 418
292 472
292 542
292 578
292 587
292 595
292 682
293 341
293 387
293 389
293 452
293 531
293 539
293 547
293 613
293 632
293 667
294 397
294 466
294 505
294 533
294 605
295 325
295 357
295 383
295 459
295 515
295 634
295 672
296 307
296 332
296 337
296 338
296 470
296 572
296 696
297 379
297 413
297 451
297 463
297 471
297 624
297 662
298 326
298 388
298 411
298 465
298 479
298 506
298 542
298 556
298 568
298 642
298 678
299 315
299 410
299 445
299 447
299 563
299 578
300 392
300 425
300 430
300 431
300 436
300 511
300 543
300 564
300 605
300 667
300 703
301 307
301 428
301 545
301 607
301 624
301 657
301 703
302 342
302 347
302 373
302 415
302 422
302 453
302 473
302 524
302 605
302 614
303 311
303 511
303 532
303 626
303 667
304 336
304 428
304 565
304 574
304 589
304 633
305 327
305 332
305 339
305 365
305 400
305 451
305 479
305 487
305 584
305 628
305 657
305 684
305 685
305 699
306 350
306 376
306 429
306 548
306 565
306 568
306 670
306 674
306 693
307 315
307 422
307 512
307 527
307 570
307 578
307 627
307 631
307 646
307 649
308 430
308 435
308 442
308 515
308 567
308 573
308 617
308 657
308 685
309 334
309 338
309 398
309 408
309 430
309 431
309 491
309 503
309 509
309 583
310 699
311 347
311 357
311 361
311 419
311 441
311 503
311 569
311 647
312 323
312 368
312 425
312 513
312 562
312 676
312 682
313 398
313 426
313 496
313 627
313 656
314 401
314 532
314 565
314 566
314 597
315 503
315 531
315 545
315 547
315 581
315 659
316 356
316 364
316 440
316 521
316 535
317 380
317 385
317 402
317 532
317 611
317 617
317 627
317 653
317 659
317 684
317 686
318 370
318 371
318 394
318 411
318 522
318 531
318 539
318 603
318 641
318 653
319 339
319 353
319 357
319 366
319 389
319 438
319 440
319 465
319 484
319 505
319 522
319 536
319 566
319 586
319 643
319 649
320 337
320 370
320 448
320 461
320 515
320 589
320 654
321 345
321 348
321 386
321 423
321 453
321 455
321 491
321 596
321 670
321 696
321 699
322 383
322 401
322 416
322 437
322 581
322 632
322 679
323 335
323 454
323 457
323 463
323 536
323 562
323 596
323 635
323 645
324 325
324 619
324 653
324 664
325 347
325 441
325 464
325 472
325 475
325 569
325 700
326 336
326 448
326 461
326 483
326 602
326 607
326 640
326 679
326 706
327 370
327 381
327 562
327 626
328 544
328 676
329 459
329 505
329 680
330 332
330 371
330 449
330 468
330 490
330 493
330 519
330 629
330 633
330 663
331 424
331 426
331 467
331 508
331 511
331 561
331 584
331 588
331 611
331 615
331 617
331 659
332 394
332 529
332 544
332 590
332 592
332 618
332 639
332 659
332 671
332 690
333 383
333 413
333 517
333 540
333 645
333 658
334 338
334 455
334 473
334 474
334 490
334 515
334 684
335 342
335 396
335 506
335 532
335 546
335 612
336 497
336 533
336 544
336 555
336 659
336 674
336 695
337 379
337 404
337 470
337 473
337 486
337 553
337 588
337 620
337 692
338 478
338 487
338 579
338 658
338 680
338 691
339 361
339 380
339 418
339 448
339 462
339 478
339 535
339 543
339 564
339 629
339 632
339 658
340 391
340 469
340 551
340 679
341 368
341 393
341 433
341 460
341 465
341 486
341 653
342 423
342 424
342 508
342 529
342 602
342 647
343 344
343 359
343 412
343 576
343 645
343 656
343 700
344 350
344 429
344 494
344 633
345 423
345 426
345 464
345 531
345 552
345 574
345 586
345 648
345 651
346 359
346 436
346 450
346 486
346 538
346 695
346 704
347 357
347 361
347 400
347 474
347 547
347 598
347 662
348 349
348 400
348 445
348 486
348 496
348 534
349 494
349 533
349 547
350 399
350 438
350 443
350 555
350 599
350 625
351 377
351 380
351 529
351 556
351 611
351 622
351 624
351 633
351 635
351 656
351 698
352 358
352 376
352 384
352 427
352 494
352 509
352 547
352 552
352 595
352 601
352 604
353 392
353 485
353 490
353 561
353 579
353 595
353 616
353 646
354 452
354 598
354 634
355 372
355 408
355 508
355 575
356 359
356 481
356 509
356 513
356 628
356 651
356 688
357 381
357 469
357 620
358 364
358 377
358 402
358 451
358 455
358 491
358 577
358 625
358 675
359 410
359 415
359 455
359 538
359 632
360 399
360 431
360 508
360 525
360 556
360 586
360 596
360 661
360 683
361 376
361 384
361 394
361 461
361 575
361 596
361 629
361 703
362 377
362 393
362 450
362 460
362 542
362 546
362 600
362 602
363 405
363 430
363 463
363 540
363 544
363 702
364 369
364 381
364 386
364 454
364 457
364 471
364 472
364 522
364 563
364 642
365 390
365 440
365 474
365 478
365 510
365 569
365 588
365 701
365 702
366 391
366 392
366 397
366 428
366 451
366 475
366 490
366 501
366 524
366 559
366 577
366 589
366 630
366 634
366 637
367 427
367 445
367 484
367 513
367 538
367 603
367 619
367 628
367 629
367 640
367 701
367 706
368 398
368 438
368 483
368 507
368 531
368 558
368 567
368 580
368 664
368 700
369 408
369 607
369 617
369 636
369 683
370 386
370 465
370 498
370 554
370 562
370 571
370 632
370 651
370 700
370 705
371 412
371 473
371 511
371 514
371 526
371 538
371 554
371 569
371 675
371 680
372 458
372 518
372 545
372 668
372 702
373 467
373 549
373 576
373 577
373 648
373 685
373 694
374 377
374 468
374 512
374 541
374 557
375 419
375 479
375 629
375 653
375 686
376 403
376 413
376 432
376 504
376 527
376 545
376 562
376 616
376 627
376 638
376 658
376 692
377 437
377 438
377 440
377 444
377 461
377 548
377 586
377 675
377 688
377 691
378 452
378 553
378 603
378 668
378 671
379 398
379 408
379 431
379 599
379 701
380 392
380 450
380 625
380 705
381 461
381 469
381 540
381 677
381 688
382 442
382 506
382 530
382 560
382 571
382 664
382 701
383 386
383 416
383 490
383 497
383 526
383 545
383 547
383 568
383 596
383 676
383 686
384 500
384 544
384 574
384 654
385 525
385 562
385 598
385 599
385 620
385 639
386 464
386 466
386 489
386 490
386 496
386 595
386 679
387 425
387 460
387 565
387 626
387 684
388 397
388 445
388 460
388 499
388 511
388 597
388 598
388 601
388 633
388 668
388 686
389 422
389 562
389 610
390 402
390 403
390 462
390 476
390 521
390 540
390 578
390 588
390 649
390 656
390 692
390 693
391 620
392 397
392 480
392 537
392 587
392 610
393 426
393 464
393 517
393 542
393 577
393 603
394 550
394 641
395 481
395 604
395 639
395 645
396 432
396 534
396 589
396 593
396 596
396 644
396 691
397 466
397 514
397 559
397 599
397 607
397 655
397 694
398 451
398 510
398 534
398 571
399 491
399 578
399 596
399 673
399 680
400 416
400 473
400 558
400 574
400 619
400 694
400 700
401 445
401 481
401 608
401 626
401 654
401 665
402 424
402 435
402 462
402 515
402 526
402 533
402 576
402 578
402 608
402 646
402 648
403 468
403 510
403 554
403 629
403 655
403 679
403 694
404 569
404 602
404 629
404 635
405 444
405 493
405 648
406 438
406 520
406 571
406 651
406 662
406 668
407 497
407 519
407 636
407 662
407 670
408 504
408 581
409 424
409 454
409 522
409 582
409 617
409 636
409 648
409 688
410 420
410 444
410 453
410 461
410 493
410 507
410 519
410 587
410 677
410 705
411 435
411 476
411 478
411 508
411 559
411 647
411 663
411 701
412 431
412 578
412 625
412 642
413 440
413 470
413 516
413 639
414 429
414 453
414 454
414 526
414 569
414 611
414 631
414 645
415 434
415 474
415 536
415 584
415 612
415 646
415 669
415 670
416 439
416 474
416 476
416 484
416 504
416 520
416 548
416 682
417 486
417 552
417 579
417 683
418 475
418 527
418 611
418 619
418 705
419 478
419 555
419 573
419 632
419 635
419 664
420 425
420 463
420 532
420 542
420 682
420 694
421 440
421 486
421 490
421 555
421 610
422 491
422 502
422 542
422 674
423 471
423 499
423 531
423 596
423 620
423 638
424 442
424 492
424 631
424 692
425 521
425 592
425 636
426 429
426 463
427 429
427 438
427 604
427 623
427 656
427 693
428 429
428 489
428 653
429 490
429 530
429 576
429 603
429 651
429 676
430 435
430 509
430 511
430 565
430 574
430 575
430 654
430 691
431 523
431 606
431 615
431 624
431 650
432 509
432 691
433 479
433 617
433 632
433 636
433 653
433 660
433 680
434 445
434 466
434 566
434 602
434 612
434 652
434 668
434 672
434 695
435 501
435 511
435 527
436 444
436 446
436 470
436 490
436 494
436 497
436 516
436 528
436 536
436 544
436 545
436 569
436 574
436 589
437 563
437 594
438 470
438 496
438 514
438 524
438 603
438 621
438 659
438 684
439 648
439 670
439 705
440 500
440 533
440 562
440 609
440 625
440 641
440 667
440 693
441 556
441 590
441 628
442 474
442 510
442 593
442 596
442 682
442 698
442 702
443 453
443 471
443 478
443 592
444 457
444 464
444 473
444 507
444 512
444 550
444 629
445 527
445 556
445 653
445 671
446 510
446 586
446 646
446 664
447 461
447 506
447 516
447 523
447 624
447 630
447 648
447 695
448 482
448 585
448 610
448 656
448 689
449 500
449 557
449 582
449 621
449 664
450 574
450 624
450 645
450 652
450 687
451 552
451 593
451 594
451 613
452 537
452 657
452 704
453 484
453 665
454 468
454 487
454 545
454 550
454 604
454 618
454 669
455 535
455 605
455 629
455 652
455 664
455 675
455 677
456 545
456 600
456 677
457 512
457 559
457 638
458 477
458 505
458 585
458 597
458 630
458 635
458 685
459 571
459 588
459 673
459 694
460 470
460 496
460 551
460 584
460 615
460 629
460 647
460 669
461 476
461 540
461 593
461 619
461 647
461 651
462 470
462 596
462 673
463 486
463 516
463 521
463 530
463 565
463 628
463 635
463 672
463 685
464 530
464 543
464 587
464 623
465 501
465 559
465 634
465 638
465 650
466 645
466 668
466 703
467 553
467 588
467 625
467 637
468 495
468 532
468 652
468 685
469 471
469 547
469 560
469 623
470 519
470 562
470 669
470 705
471 490
471 535
471 631
471 673
472 520
472 545
472 648
473 503
473 530
473 608
473 617
473 624
473 673
474 571
474 574
474 584
474 637
474 669
474 697
475 515
475 609
475 651
476 487
476 602
476 622
476 668
476 671
477 486
477 497
477 498
477 577
477 676
477 690
477 691
478 482
478 554
478 590
478 603
478 637
479 622
479 667
480 483
480 487
480 491
480 503
480 622
480 640
480 675
480 698
481 490
481 491
481 543
481 550
481 571
481 577
481 590
481 650
482 520
482 675
483 537
483 547
483 559
483 592
483 598
484 631
485 495
485 614
485 656
485 680
485 699
486 508
486 515
486 527
486 639
487 532
487 557
487 574
487 659
487 699
488 519
488 646
489 528
489 565
489 579
489 607
489 621
489 623
489 627
489 647
490 494
490 528
490 544
490 582
490 602
490 639
490 654
490 688
491 512
491 565
491 612
491 622
491 654
492 522
492 656
492 671
492 692
492 694
492 703
493 638
493 647
493 654
493 698
493 703
494 503
494 511
494 601
494 620
494 630
494 679
494 684
495 502
495 521
495 645
495 661
495 669
496 497
496 676
496 682
497 527
497 662
497 671
498 518
498 535
498 663
498 697
498 703
499 506
499 648
500 510
500 588
500 646
500 659
501 504
501 511
501 539
502 511
502 546
502 597
502 610
502 683
503 517
503 575
503 605
504 550
505 516
505 592
505 687
505 697
506 561
506 630
507 519
507 589
507 628
507 631
507 643
508 509
508 519
509 595
509 660
509 670
509 695
510 531
510 545
510 564
510 678
510 688
511 617
511 652
512 515
512 535
512 539
512 556
512 613
512 705
513 542
513 564
514 554
514 680
515 529
515 541
515 572
515 668
516 616
516 648
517 522
517 528
517 550
517 609
517 617
517 628
517 666
518 562
518 573
518 632
518 651
518 662
518 673
518 681
518 692
519 536
519 576
519 626
519 652
519 679
520 523
520 546
520 630
520 638
520 647
521 566
521 580
521 600
521 663
522 531
522 556
522 564
522 615
522 660
522 663
523 528
523 539
523 581
523 701
524 559
524 574
524 594
524 622
524 670
525 534
525 578
525 609
525 630
525 705
526 554
526 560
526 637
526 656
526 668
527 528
527 558
527 605
528 531
528 551
528 626
529 563
529 660
529 663
530 578
530 589
530 677
531 590
531 628
531 640
531 692
532 560
532 584
532 607
532 610
532 625
532 626
532 631
533 553
533 557
533 572
533 656
534 564
534 617
534 655
534 705
535 676
536 560
536 563
536 599
536 601
537 700
538 577
538 589
538 685
539 594
539 619
540 574
540 679
540 682
540 695
541 618
541 633
542 554
542 562
542 617
542 643
542 702
543 667
544 568
544 606
544 610
544 662
545 669
546 608
546 617
546 691
547 641
547 644
547 653
548 705
548 706
549 599
549 608
551 595
551 598
551 605
551 684
552 558
552 597
552 638
553 567
553 587
553 602
553 667
555 577
555 612
555 633
556 610
556 644
557 559
558 620
558 674
558 703
559 629
559 657
559 702
560 641
560 687
561 598
561 621
561 640
561 684
561 701
561 706
562 616
562 643
562 657
562 689
563 564
563 593
563 665
563 696
563 706
564 601
564 658
565 575
565 583
566 577
566 596
566 624
566 676
566 696
568 573
568 638
568 672
568 684
569 614
570 615
570 630
570 700
571 581
571 604
571 620
571 674
572 582
572 660
572 682
573 687
574 586
574 625
574 626
574 695
575 609
576 583
576 605
577 584
577 585
577 654
578 614
578 624
578 674
579 683
580 631
580 673
580 688
581 647
582 607
582 646
582 651
583 584
583 643
583 705
584 622
584 630
584 685
586 604
586 612
586 687
588 671
589 656
590 595
590 602
590 646
590 695
590 702
591 627
591 660
591 669
592 678
592 679
593 636
594 649
594 705
595 610
597 616
597 641
597 658
598 628
598 689
598 702
599 600
599 643
601 679
601 693
602 618
602 625
602 626
602 651
602 671
603 644
603 661
603 690
604 621
604 667
605 608
605 650
606 683
606 691
606 696
607 633
607 683
608 660
608 665
608 688
609 649
610 679
610 686
612 618
612 667
612 692
612 699
613 705
616 673
616 677
618 629
618 644
618 668
619 652
619 653
619 664
620 675
621 703
622 691
625 631
625 662
625 671
625 699
626 648
626 672
626 688
627 672
627 684
627 699
628 649
628 692
629 644
629 656
629 657
629 696
630 666
630 673
631 642
631 645
631 667
631 668
633 644
633 660
633 698
635 661
637 671
638 662
638 670
640 658
641 649
642 667
642 668
642 671
642 672
643 667
643 684
643 693
643 696
643 705
644 658
644 682
646 681
646 691
650 673
651 666
652 679
653 663
653 684
653 687
654 702
656 663
657 673
657 688
658 677
658 693
658 701
659 670
660 694
661 685
663 696
664 700
664 706
665 678
665 691
671 695
672 691
673 682
675 682
679 690
680 701
681 691
682 698
682 702
683 685
683 700
683 706
685 697
685 706
691 704
692 698
