0 63
0 253
0 273
1 61
1 164
1 215
1 229
1 263
2 12
2 72
2 173
2 221
2 260
3 76
3 236
3 259
3 277
4 6
4 12
4 87
4 88
4 128
4 135
4 229
4 302
5 24
5 29
5 34
5 62
5 64
5 117
5 128
5 153
5 167
6 58
6 74
6 79
6 245
7 72
7 116
7 248
7 276
8 36
8 53
8 157
8 163
8 230
9 42
9 92
9 163
9 190
9 277
9 303
10 65
10 94
10 130
10 164
10 182
10 237
10 268
10 274
10 284
11 66
11 86
11 114
11 169
11 232
11 242
11 252
12 32
12 82
12 119
12 244
12 261
12 283
12 288
13 84
13 167
13 187
13 227
13 288
13 311
14 33
14 122
14 147
14 179
14 254
14 256
14 307
15 56
15 90
15 181
16 27
16 35
16 109
16 171
16 209
16 236
16 252
16 254
17 37
17 115
17 153
17 181
17 308
18 94
18 116
18 224
18 272
18 274
18 280
18 281
18 301
19 70
19 122
19 196
19 264
19 286
20 53
20 129
20 164
21 51
21 86
21 146
21 196
21 306
22 28
22 86
22 185
22 196
22 245
22 299
23 43
23 44
23 124
23 130
23 158
23 225
23 238
23 248
24 231
24 302
25 82
25 95
25 96
25 174
25 183
25 220
25 230
25 297
26 51
26 152
26 293
27 90
27 100
27 111
27 175
27 254
27 285
28 30
28 138
29 49
29 232
30 93
30 139
30 183
30 239
31 231
31 302
32 37
32 67
32 71
32 104
32 128
32 214
33 54
33 90
33 163
33 220
33 231
33 243
34 99
34 300
34 310
35 181
35 220
35 274
36 79
36 95
36 114
36 146
36 147
36 190
36 218
36 283
36 294
36 297
37 61
37 308
38 61
38 82
38 134
38 188
38 213
38 291
39 55
39 86
39 118
39 201
39 236
39 244
40 108
40 113
40 239
40 252
41 82
41 100
41 192
41 259
42 170
42 207
42 220
42 285
43 60
43 122
43 141
43 182
43 295
44 60
44 136
44 159
44 292
45 256
46 53
46 115
46 117
46 217
46 266
47 94
47 132
47 258
47 306
48 66
48 79
48 94
48 105
48 121
48 135
48 161
48 186
49 76
49 98
49 133
49 185
49 192
49 227
49 306
49 309
50 148
51 139
51 145
51 204
51 283
52 75
52 99
52 107
52 155
52 232
52 261
53 117
53 134
53 184
53 199
53 203
54 155
54 214
54 309
55 69
55 167
55 174
55 207
55 222
55 258
56 63
56 168
56 174
56 219
56 265
56 307
57 96
57 148
57 150
57 249
58 206
58 207
58 223
58 249
58 278
58 299
59 116
59 165
59 259
59 265
60 61
60 118
60 292
61 117
61 152
61 211
61 218
61 297
62 107
62 117
62 131
62 168
62 210
62 274
62 286
63 181
63 223
63 253
63 264
64 135
64 140
64 222
64 238
64 241
64 257
65 86
65 99
65 132
65 315
66 96
66 98
66 130
66 227
66 311
67 206
67 210
67 222
67 247
67 273
68 132
68 134
68 159
68 198
68 239
68 315
69 77
69 163
69 167
69 192
69 218
69 230
69 277
69 282
69 311
70 82
70 159
70 168
70 181
70 251
71 90
71 134
71 279
71 286
72 78
72 134
72 137
72 168
72 187
72 248
72 259
73 138
73 148
73 177
74 220
74 242
74 275
74 288
75 92
75 97
75 128
75 131
75 134
75 150
75 208
75 263
75 273
76 141
76 156
76 237
77 107
77 189
77 230
78 81
78 95
78 107
78 168
78 172
79 106
79 124
79 160
79 215
80 105
80 140
80 230
80 240
80 310
81 118
81 206
81 222
81 230
81 232
81 299
82 212
82 221
82 249
82 258
82 274
82 289
83 104
83 110
83 160
83 240
83 253
83 272
83 311
84 126
84 224
84 245
84 293
84 309
85 91
85 105
85 128
85 143
85 158
85 164
85 196
85 215
85 272
85 277
85 278
85 279
86 87
86 101
86 159
86 232
86 269
86 276
86 282
86 289
87 93
87 131
87 152
87 227
87 243
87 252
88 188
88 218
89 97
89 131
89 135
89 162
89 190
89 245
89 256
89 263
90 122
90 230
90 276
90 288
91 116
91 127
91 159
91 163
91 311
92 162
92 168
92 171
92 250
92 287
92 302
92 307
93 168
93 282
94 114
94 166
94 177
95 171
95 186
95 205
95 254
95 263
95 265
95 314
96 97
96 146
96 157
96 163
96 166
96 183
96 226
96 315
97 143
97 170
97 189
97 233
97 234
97 236
97 270
98 133
98 169
98 213
98 240
98 299
99 111
99 134
99 141
99 164
99 235
100 160
100 256
101 164
101 211
101 218
101 252
101 314
102 106
102 109
102 178
102 241
103 188
103 211
103 239
103 242
104 132
104 207
105 120
105 276
105 281
105 298
106 164
107 155
107 181
107 182
107 245
107 249
108 183
108 227
108 251
108 266
108 272
109 148
109 192
109 225
109 247
109 255
109 272
109 292
110 219
110 267
111 113
111 209
111 228
111 229
111 272
111 303
111 311
112 177
112 241
112 256
112 293
112 300
113 209
113 210
113 223
113 240
114 202
114 222
114 254
114 255
114 314
115 159
115 228
115 250
116 217
116 229
117 146
117 213
117 257
118 121
118 164
118 286
118 294
118 314
119 192
119 272
119 284
120 125
120 127
120 152
120 224
120 232
120 252
120 266
120 303
121 163
121 182
122 132
122 139
122 165
122 211
122 274
123 161
123 231
123 240
123 281
124 129
124 201
124 241
124 300
125 156
125 205
125 295
126 169
127 206
127 213
127 220
127 240
127 297
127 306
128 136
128 269
128 272
129 140
129 164
129 170
129 194
129 223
129 242
130 157
130 238
130 298
131 252
132 160
132 221
132 233
132 302
132 305
133 150
133 169
133 263
133 270
133 286
133 315
134 195
134 214
134 220
134 297
134 306
135 155
135 203
135 288
136 141
136 201
136 241
136 246
136 252
136 258
136 273
136 289
137 191
137 197
137 238
137 251
137 311
138 141
138 148
138 165
138 203
138 279
139 229
140 141
140 152
140 206
140 298
140 301
140 303
141 173
141 257
141 295
142 144
142 169
143 171
143 173
143 199
143 211
143 270
143 282
144 146
144 268
145 263
145 314
146 252
146 269
147 168
147 203
147 206
147 209
147 276
147 281
148 166
148 193
148 249
148 273
149 224
149 263
150 227
150 229
150 294
151 229
151 277
152 183
152 192
152 234
153 157
153 204
153 252
154 191
154 210
154 250
155 229
155 248
155 293
155 295
156 220
156 249
156 271
157 158
157 240
157 287
159 230
159 235
160 198
160 292
160 294
160 315
161 256
161 283
162 199
162 208
162 292
162 304
163 183
163 185
164 208
164 226
165 184
165 230
165 268
165 290
165 296
166 201
166 226
167 184
167 243
169 190
169 229
169 237
169 251
171 186
171 203
171 216
171 285
172 205
172 208
173 208
173 298
174 178
174 271
175 224
175 239
175 250
176 201
176 218
176 235
176 275
176 288
177 178
177 282
178 226
178 272
179 183
179 190
179 216
179 300
180 223
181 222
182 195
182 201
182 272
184 243
184 307
185 197
185 215
185 281
185 315
186 198
186 230
186 252
186 295
187 293
187 310
188 243
188 275
188 294
189 212
189 237
189 245
189 253
190 263
190 276
191 254
192 217
192 241
193 213
193 309
194 230
194 256
194 267
194 313
197 226
197 263
197 280
197 296
197 299
199 244
199 287
199 309
199 313
200 208
200 215
200 224
200 229
200 251
201 216
201 270
202 209
202 216
202 240
202 250
202 257
203 248
203 254
204 276
205 209
205 229
205 259
206 314
207 267
208 313
209 260
210 238
212 219
212 226
212 231
212 304
213 236
213 243
213 282
213 306
214 241
214 307
214 308
215 229
215 237
215 243
215 280
215 282
216 231
216 249
217 256
217 283
217 285
217 289
218 232
219 238
219 283
221 307
222 270
223 229
223 256
223 265
224 253
225 245
225 271
225 275
225 283
226 299
227 256
227 257
227 272
227 286
228 250
229 233
229 288
230 278
231 232
231 283
231 312
232 251
232 266
232 269
233 267
233 296
234 308
235 254
236 246
236 302
238 250
238 272
240 289
241 243
241 269
242 267
242 297
244 251
244 262
245 288
245 305
247 280
247 295
247 298
248 313
250 276
251 279
252 268
252 270
252 305
253 256
254 276
254 313
256 263
256 290
256 291
259 273
260 311
261 311
263 271
263 307
267 283
267 308
270 294
276 298
276 315
277 292
278 308
278 315
279 295
280 291
285 312
287 293
289 297
292 313
298 310
302 305
314 315
