1 1367
2 1880
4 375
10 438
11 757
15 1630
21 182
50 71
95 608
112 1855
136 1397
141 1233
142 1799
143 728
154 1241
199 248
207 563
207 1683
234 534
235 1896
239 1254
252 919
257 1387
284 380
304 882
306 1548
307 654
312 815
312 1861
313 1989
317 393
323 1052
341 473
358 1441
363 1554
369 1530
388 1352
446 720
452 1221
454 1269
463 1668
467 695
479 800
495 1234
499 1868
572 1597
574 1714
580 1333
582 1374
599 1320
637 855
667 1773
675 1428
676 1947
682 753
685 1000
687 1484
687 1997
693 907
705 1656
728 1488
782 1937
810 1764
820 1548
854 1450
866 912
866 1259
914 1553
952 1824
966 1675
989 1972
990 1940
1020 1082
1076 1782
1081 1333
1139 1598
1142 1538
1146 1618
1155 1301
1173 1868
1179 1495
1193 1831
1214 1398
1227 1889
1256 1551
1293 1358
1301 1408
1328 1569
1328 1626
1338 1954
1361 1610
1576 1816
1696 1864
1735 1903
1773 1794
1834 1910
