0 4
0 122
0 159
0 267
1 38
1 136
1 153
1 165
1 223
1 247
2 33
2 93
2 134
2 147
2 159
2 192
2 245
3 19
3 20
3 24
3 27
3 68
3 70
3 138
3 151
3 163
3 196
3 213
3 269
4 35
4 41
4 43
4 110
4 114
4 135
4 196
4 221
4 265
4 273
5 9
5 102
5 133
5 214
6 63
6 221
7 38
7 66
7 135
7 162
7 175
7 206
8 22
8 130
8 167
8 250
8 268
9 19
9 159
9 252
9 272
10 72
10 89
10 138
10 148
10 189
10 278
11 12
11 61
11 62
11 168
11 207
11 238
12 46
12 65
13 36
13 118
13 134
13 171
13 249
14 40
14 50
14 157
15 28
15 117
15 172
15 177
15 241
16 84
16 123
16 251
17 95
17 144
17 153
17 196
17 206
17 243
18 44
18 88
18 111
19 54
19 91
19 111
20 93
20 111
20 120
20 176
20 181
20 266
21 74
21 123
21 143
21 169
21 208
21 211
21 224
21 241
22 109
22 139
22 161
22 173
22 228
23 30
23 141
23 268
23 278
24 105
24 217
24 266
24 274
25 103
25 170
25 214
26 248
27 36
28 120
28 130
28 200
29 156
29 173
29 180
30 45
30 68
30 142
30 199
30 229
31 69
31 81
31 103
31 136
31 157
31 238
31 251
32 97
32 171
33 167
33 168
33 190
33 203
34 77
34 163
34 177
34 277
35 130
35 174
35 265
36 63
36 71
36 74
36 77
36 93
36 126
36 127
36 137
36 145
36 148
36 172
36 173
36 230
36 246
36 248
37 83
37 140
37 193
37 253
37 273
38 70
38 93
38 169
38 226
38 228
38 236
38 273
39 108
39 181
39 185
39 199
40 99
40 125
40 218
40 245
40 271
40 274
41 120
41 143
41 152
41 254
42 45
42 76
42 78
42 119
42 189
42 190
42 211
42 257
42 267
42 272
43 52
43 94
43 132
43 210
43 258
44 72
44 81
44 151
44 178
44 208
44 219
45 216
46 80
46 135
46 140
46 202
47 61
47 67
47 166
47 202
47 207
47 215
47 218
48 138
48 179
48 237
48 261
49 77
49 245
49 253
49 269
50 66
50 95
50 133
50 157
50 238
50 281
51 61
51 62
51 91
51 131
51 141
51 158
52 66
52 132
52 248
52 249
53 116
53 206
53 227
54 109
54 126
54 188
54 249
54 258
55 68
55 113
55 247
56 77
56 149
56 208
56 265
56 269
57 88
57 98
57 153
57 174
57 247
58 109
58 117
58 165
58 173
58 216
58 253
58 260
59 77
60 214
61 129
61 155
61 164
61 175
61 194
62 85
62 104
62 262
63 74
63 111
63 129
63 153
63 206
63 218
64 156
64 236
64 239
65 69
65 89
65 157
65 180
65 208
65 226
65 261
66 92
66 159
66 233
66 270
67 83
67 242
67 249
68 97
68 161
68 221
68 241
68 254
68 274
69 113
69 157
70 82
70 250
70 279
71 79
71 128
71 225
71 235
71 238
72 110
72 127
72 267
73 114
73 219
73 250
74 76
74 90
74 94
74 109
74 128
74 143
74 199
74 227
74 250
75 188
76 119
76 123
76 224
76 227
76 229
77 79
77 172
77 176
77 230
77 236
78 80
78 141
78 154
78 213
79 153
79 199
79 212
79 250
80 96
80 156
80 214
80 236
80 241
81 99
81 126
81 143
81 152
81 174
81 180
81 219
81 238
83 127
83 141
83 213
83 230
83 242
84 89
84 106
84 112
84 127
85 120
85 160
86 151
86 188
86 229
86 235
86 281
87 101
87 193
87 228
87 272
88 124
88 132
88 154
88 261
89 103
89 112
89 227
89 245
89 261
90 127
90 249
91 93
91 192
91 248
92 181
92 193
92 228
93 131
93 181
93 202
93 240
94 184
94 223
95 96
95 128
95 174
95 234
95 254
95 262
95 275
96 144
96 157
96 227
97 252
98 104
98 110
98 271
99 100
99 129
99 168
99 230
100 136
100 182
100 246
101 141
101 206
101 220
101 251
102 176
102 275
103 116
103 122
103 262
104 170
104 200
104 217
104 267
105 142
105 222
105 229
106 133
106 147
106 236
106 267
107 160
107 210
107 246
107 252
108 109
108 188
108 243
108 257
109 159
110 133
110 173
110 191
110 196
110 206
110 236
110 251
110 260
110 279
111 136
111 148
111 149
111 170
111 241
112 116
112 208
112 279
113 115
113 200
113 248
114 278
115 193
115 224
115 257
116 132
116 216
116 272
117 128
117 176
117 209
117 213
119 129
119 189
119 208
119 233
120 237
120 252
120 257
121 161
121 251
121 264
122 141
122 150
122 174
123 152
123 183
123 221
123 241
123 250
124 138
124 151
124 155
124 271
125 158
125 176
125 275
126 202
126 230
126 261
127 176
127 224
128 168
128 217
128 243
128 270
129 145
129 249
130 151
130 168
130 200
130 219
131 180
131 210
132 142
132 182
132 263
134 162
134 178
134 204
134 247
134 274
135 152
135 155
135 174
135 225
135 256
136 212
136 213
136 225
136 274
137 141
137 217
137 230
137 275
138 140
138 216
138 237
139 226
140 172
140 233
140 276
141 187
141 198
141 259
141 275
142 145
142 174
142 220
142 265
143 176
143 215
143 248
143 259
144 150
144 199
144 219
144 221
145 154
146 172
146 270
147 171
147 203
147 229
149 220
149 224
150 209
150 228
150 266
151 192
151 275
152 158
152 190
152 197
152 207
152 218
153 158
153 162
153 196
153 202
154 187
154 248
154 277
155 165
155 185
155 235
157 248
158 188
158 241
159 277
160 211
160 249
160 271
161 233
162 189
162 239
162 263
163 173
164 199
165 173
166 212
166 235
166 276
167 211
167 220
167 255
167 276
168 201
168 248
168 277
169 200
169 215
169 224
171 218
171 226
171 237
172 239
173 189
173 236
174 178
174 244
175 176
176 177
176 197
176 237
176 264
177 198
177 225
177 248
177 275
178 270
178 276
179 183
179 186
179 199
179 201
179 210
179 215
179 232
179 265
180 185
180 193
180 280
181 256
181 262
181 273
182 199
182 235
182 257
182 274
183 250
183 275
185 234
185 242
186 256
187 234
187 239
188 193
188 228
188 272
189 228
189 275
190 227
190 246
191 200
191 231
191 254
191 266
192 225
193 276
194 228
194 240
194 278
195 196
195 241
196 264
197 214
198 220
198 270
199 244
199 258
199 268
200 221
202 230
203 207
203 211
204 207
204 217
205 213
205 251
205 273
206 227
207 227
207 233
207 273
208 229
208 263
210 212
211 237
211 264
212 225
214 216
214 228
215 266
216 255
217 265
218 242
218 267
218 274
219 227
219 269
220 281
221 234
222 233
222 262
223 234
223 265
226 267
227 228
227 236
228 248
228 249
230 257
231 240
231 241
231 260
232 251
232 267
232 272
233 261
235 278
237 249
237 267
238 273
239 257
239 265
239 280
241 265
243 246
245 255
246 273
249 257
251 254
253 263
253 271
260 273
267 268
270 279
273 276
