0 35
0 38
0 148
0 201
0 221
0 258
0 309
0 336
0 350
0 396
0 440
0 503
0 802
0 834
0 923
0 929
1 139
1 155
1 189
1 199
1 235
1 275
1 425
1 440
1 498
1 508
1 519
1 546
1 555
1 569
1 572
1 592
1 698
1 706
1 909
1 958
2 60
2 89
2 138
2 159
2 168
2 189
2 310
2 311
2 370
2 433
2 465
2 554
2 595
2 614
2 813
2 849
2 877
2 894
2 934
3 40
3 48
3 80
3 136
3 140
3 151
3 270
3 278
3 283
3 323
3 341
3 423
3 439
3 440
3 563
3 595
3 670
3 691
3 694
3 728
3 830
3 848
3 971
3 973
4 283
4 345
4 369
4 375
4 459
4 562
4 673
4 692
4 737
4 829
4 833
4 969
5 67
5 99
5 138
5 242
5 257
5 279
5 436
5 443
5 469
5 629
5 648
5 655
5 720
5 742
5 757
5 771
5 772
5 806
5 824
5 871
6 41
6 121
6 138
6 203
6 230
6 243
6 372
6 497
6 504
6 520
6 606
6 641
6 654
6 808
6 844
6 979
6 998
7 39
7 150
7 166
7 180
7 252
7 353
7 425
7 441
7 462
7 515
7 522
7 621
7 684
7 769
7 830
7 842
7 878
7 953
7 994
8 155
8 245
8 285
8 328
8 330
8 464
8 491
8 526
8 578
8 592
8 602
8 626
8 680
8 692
8 820
8 850
8 917
8 941
9 59
9 147
9 162
9 195
9 239
9 359
9 468
9 475
9 477
9 507
9 517
9 634
9 641
9 659
9 731
9 751
9 767
9 880
9 978
10 19
10 34
10 38
10 105
10 115
10 161
10 301
10 336
10 423
10 485
10 507
10 548
10 580
10 622
10 650
10 658
10 690
10 715
10 837
10 903
10 998
11 56
11 63
11 129
11 216
11 273
11 323
11 387
11 408
11 416
11 517
11 518
11 521
11 531
11 537
11 615
11 631
11 667
11 672
11 714
11 772
11 806
11 808
11 821
11 834
11 836
11 853
11 866
11 917
12 35
12 49
12 60
12 123
12 175
12 220
12 235
12 285
12 302
12 368
12 425
12 433
12 524
12 562
12 581
12 618
12 657
12 693
12 741
12 745
12 793
12 840
12 853
12 887
12 899
12 933
12 942
13 35
13 80
13 107
13 143
13 159
13 177
13 208
13 291
13 324
13 390
13 426
13 466
13 559
13 588
13 630
13 696
13 719
13 772
13 781
13 853
13 907
13 925
13 944
13 953
13 973
13 988
14 54
14 79
14 86
14 120
14 123
14 141
14 286
14 328
14 339
14 392
14 451
14 460
14 479
14 543
14 578
14 637
14 713
14 732
14 738
14 809
14 814
14 886
14 908
14 966
15 21
15 80
15 172
15 323
15 356
15 358
15 368
15 474
15 548
15 562
15 575
15 602
15 640
15 662
15 681
15 736
15 869
15 968
16 28
16 88
16 132
16 139
16 180
16 219
16 239
16 246
16 308
16 343
16 394
16 465
16 508
16 540
16 806
16 991
17 33
17 67
17 137
17 214
17 280
17 307
17 333
17 361
17 435
17 468
17 478
17 491
17 506
17 519
17 542
17 576
17 602
17 613
17 648
17 653
17 772
17 864
17 949
17 985
18 109
18 112
18 201
18 285
18 462
18 481
18 594
18 607
18 687
18 722
18 769
18 920
18 995
19 38
19 99
19 292
19 295
19 339
19 355
19 363
19 421
19 475
19 535
19 562
19 567
19 576
19 691
19 692
19 805
19 807
19 836
19 996
20 57
20 117
20 129
20 178
20 189
20 257
20 269
20 317
20 339
20 384
20 463
20 467
20 471
20 539
20 595
20 669
20 696
20 760
20 779
20 833
20 892
20 930
21 71
21 83
21 286
21 320
21 427
21 431
21 437
21 457
21 506
21 610
21 652
21 653
21 695
21 794
21 849
21 896
21 907
21 911
21 927
21 934
21 969
21 983
22 30
22 84
22 151
22 257
22 272
22 308
22 352
22 354
22 402
22 404
22 490
22 520
22 546
22 714
22 983
23 87
23 101
23 126
23 167
23 174
23 177
23 198
23 250
23 286
23 297
23 307
23 331
23 341
23 354
23 367
23 398
23 440
23 463
23 473
23 480
23 492
23 544
23 576
23 630
23 637
23 693
23 698
23 705
23 707
23 743
23 770
23 771
23 803
23 865
23 930
24 100
24 121
24 140
24 187
24 233
24 265
24 275
24 319
24 366
24 415
24 511
24 518
24 745
24 772
24 777
24 780
24 856
24 899
25 159
25 221
25 232
25 289
25 301
25 303
25 318
25 326
25 329
25 465
25 488
25 511
25 617
25 631
25 660
25 670
25 716
25 756
25 775
25 797
25 831
25 880
25 954
25 960
25 990
26 53
26 71
26 107
26 120
26 154
26 206
26 222
26 360
26 389
26 432
26 446
26 492
26 551
26 677
26 704
26 735
26 740
26 840
26 851
26 912
26 987
27 129
27 164
27 188
27 199
27 247
27 270
27 296
27 304
27 396
27 468
27 523
27 579
27 605
27 616
27 624
27 948
28 71
28 141
28 160
28 314
28 328
28 364
28 518
28 571
28 606
28 628
28 629
28 656
28 706
28 860
28 871
28 899
28 997
29 52
29 101
29 203
29 357
29 396
29 425
29 434
29 487
29 491
29 644
29 671
29 736
29 787
29 914
29 974
29 990
29 997
30 149
30 151
30 303
30 334
30 388
30 444
30 455
30 603
30 641
30 727
30 740
30 776
30 789
30 818
30 828
30 919
30 977
31 137
31 163
31 166
31 217
31 310
31 374
31 375
31 393
31 454
31 653
31 656
31 695
31 858
31 875
32 74
32 101
32 208
32 310
32 414
32 442
32 482
32 555
32 594
32 651
32 655
32 712
32 755
32 775
32 793
32 810
32 967
32 992
33 110
33 215
33 239
33 247
33 248
33 260
33 298
33 357
33 454
33 478
33 501
33 512
33 526
33 541
33 594
33 661
33 681
33 721
33 750
33 796
33 801
33 824
33 842
33 992
34 141
34 225
34 280
34 445
34 552
34 568
34 635
34 638
34 683
34 690
34 792
34 826
34 917
34 919
34 955
34 998
35 39
35 229
35 263
35 283
35 296
35 431
35 458
35 513
35 565
35 615
35 631
35 695
35 781
35 784
35 805
35 965
35 975
36 147
36 150
36 156
36 182
36 233
36 445
36 446
36 493
36 507
36 550
36 740
36 761
36 783
36 790
36 798
36 807
36 903
37 120
37 261
37 324
37 427
37 492
37 538
37 556
37 613
37 618
37 690
37 750
37 769
37 906
37 929
37 983
38 71
38 86
38 108
38 132
38 209
38 300
38 316
38 335
38 356
38 419
38 427
38 494
38 512
38 572
38 601
38 606
38 630
38 677
38 713
38 752
38 767
38 824
38 871
38 876
38 890
38 936
38 943
39 70
39 156
39 157
39 174
39 195
39 249
39 312
39 320
39 454
39 485
39 489
39 514
39 609
39 624
39 728
39 735
39 743
39 745
39 750
39 766
39 786
39 798
39 914
39 994
40 47
40 63
40 212
40 233
40 275
40 342
40 375
40 483
40 499
40 513
40 648
40 703
40 709
40 723
40 728
40 758
40 805
40 834
40 947
41 91
41 134
41 281
41 306
41 325
41 420
41 467
41 474
41 528
41 627
41 636
41 688
41 709
41 756
41 787
41 813
41 915
41 937
42 180
42 203
42 222
42 306
42 314
42 355
42 400
42 427
42 479
42 548
42 683
42 719
42 822
42 883
42 939
42 966
42 977
43 121
43 171
43 179
43 333
43 461
43 589
43 602
43 621
43 633
43 640
43 645
43 649
43 664
43 665
43 737
43 761
43 826
43 883
43 894
43 925
43 954
44 49
44 64
44 93
44 124
44 184
44 190
44 340
44 364
44 373
44 400
44 467
44 486
44 617
44 633
44 658
44 690
44 715
44 774
44 793
44 814
44 903
44 969
44 980
45 147
45 150
45 239
45 278
45 306
45 379
45 399
45 449
45 548
45 561
45 610
45 695
45 919
45 927
46 121
46 149
46 161
46 205
46 219
46 271
46 341
46 342
46 415
46 426
46 464
46 490
46 622
46 740
46 802
46 851
46 884
46 953
47 67
47 141
47 154
47 167
47 185
47 229
47 236
47 280
47 286
47 298
47 418
47 475
47 529
47 563
47 628
47 667
47 688
47 782
47 789
47 792
47 806
47 812
47 919
48 141
48 286
48 327
48 386
48 405
48 451
48 463
48 495
48 501
48 537
48 540
48 547
48 576
48 638
48 713
48 737
48 738
48 777
48 874
49 155
49 159
49 268
49 273
49 320
49 335
49 499
49 500
49 615
49 617
49 621
49 643
49 731
49 753
49 813
49 889
49 989
50 136
50 203
50 231
50 337
50 368
50 382
50 394
50 493
50 513
50 536
50 723
50 746
50 762
50 787
50 805
50 966
51 74
51 194
51 274
51 325
51 438
51 542
51 661
51 679
51 709
51 770
51 794
51 851
51 861
51 881
52 70
52 110
52 133
52 148
52 150
52 171
52 201
52 206
52 270
52 295
52 315
52 347
52 379
52 404
52 415
52 452
52 460
52 502
52 511
52 593
52 612
52 654
52 659
52 733
52 780
52 821
52 867
52 872
52 918
53 64
53 109
53 208
53 402
53 420
53 464
53 469
53 652
53 657
53 675
53 679
53 942
54 56
54 93
54 180
54 192
54 197
54 248
54 416
54 443
54 457
54 466
54 511
54 512
54 519
54 672
54 697
54 747
54 914
55 93
55 101
55 182
55 245
55 340
55 364
55 401
55 413
55 442
55 451
55 461
55 476
55 486
55 499
55 550
55 552
55 594
55 597
55 729
55 737
55 790
55 793
55 861
55 865
55 908
56 95
56 96
56 101
56 133
56 165
56 166
56 177
56 241
56 407
56 518
56 557
56 609
56 611
56 620
56 734
56 751
56 845
56 848
56 876
56 984
57 109
57 217
57 269
57 279
57 341
57 358
57 458
57 467
57 496
57 551
57 553
57 568
57 745
57 768
57 934
57 938
58 63
58 106
58 208
58 281
58 308
58 316
58 324
58 331
58 347
58 492
58 525
58 591
58 594
58 619
58 629
58 686
58 712
58 751
58 775
58 792
58 895
59 139
59 143
59 144
59 220
59 249
59 402
59 458
59 467
59 506
59 591
59 616
59 784
59 786
59 863
59 867
59 969
59 979
60 127
60 161
60 230
60 369
60 372
60 419
60 486
60 543
60 561
60 632
60 647
60 690
60 697
60 747
60 766
60 792
60 941
60 945
60 959
61 74
61 76
61 131
61 154
61 172
61 198
61 215
61 224
61 285
61 325
61 327
61 347
61 367
61 436
61 446
61 529
61 702
61 717
61 743
61 753
61 839
61 868
61 880
61 943
61 949
61 963
61 999
62 341
62 482
62 484
62 490
62 538
62 548
62 557
62 559
62 560
62 575
62 578
62 608
62 662
62 735
62 761
62 778
62 793
62 940
62 949
62 993
63 74
63 136
63 139
63 207
63 274
63 279
63 297
63 303
63 381
63 401
63 408
63 475
63 487
63 500
63 501
63 511
63 699
63 746
63 758
63 795
63 924
63 957
63 960
64 252
64 274
64 508
64 627
64 633
64 688
64 690
64 758
64 799
64 818
64 830
64 858
64 868
64 898
64 920
64 946
64 986
64 990
65 79
65 137
65 237
65 280
65 331
65 343
65 380
65 393
65 470
65 489
65 561
65 700
65 770
65 781
65 785
65 969
65 987
66 92
66 142
66 201
66 216
66 314
66 366
66 561
66 578
66 582
66 594
66 596
66 624
66 625
66 727
66 752
66 769
66 778
66 812
66 835
66 859
66 867
66 933
67 74
67 77
67 138
67 184
67 196
67 230
67 266
67 277
67 383
67 409
67 431
67 478
67 488
67 508
67 527
67 542
67 546
67 580
67 594
67 661
67 730
67 762
67 814
67 824
67 933
68 80
68 128
68 196
68 237
68 248
68 302
68 396
68 446
68 490
68 591
68 612
68 653
68 706
68 737
68 826
68 855
68 910
68 912
68 932
68 947
68 990
69 110
69 131
69 155
69 249
69 290
69 332
69 366
69 422
69 581
69 586
69 604
69 695
69 775
69 836
69 846
69 861
69 869
69 915
69 919
69 933
69 950
70 123
70 135
70 180
70 293
70 324
70 354
70 399
70 403
70 431
70 440
70 569
70 658
70 785
70 832
70 852
70 877
70 906
70 907
70 926
70 948
71 84
71 96
71 124
71 137
71 186
71 256
71 274
71 305
71 389
71 423
71 462
71 488
71 602
71 626
71 681
71 701
71 717
71 745
71 750
71 794
71 828
71 832
71 850
71 859
71 865
71 937
71 989
72 125
72 177
72 184
72 319
72 320
72 321
72 346
72 355
72 442
72 480
72 504
72 553
72 585
72 607
72 638
72 711
72 860
72 879
72 943
73 87
73 245
73 293
73 307
73 323
73 339
73 361
73 387
73 420
73 483
73 503
73 513
73 526
73 542
73 563
73 565
73 607
73 787
73 823
73 986
74 118
74 138
74 442
74 508
74 529
74 630
74 657
74 683
74 720
74 741
74 802
74 867
74 912
74 945
74 969
74 970
74 974
75 154
75 159
75 333
75 353
75 407
75 525
75 531
75 550
75 553
75 653
75 671
75 675
75 692
75 701
75 713
75 757
75 794
75 829
75 868
75 951
75 960
75 977
76 97
76 150
76 183
76 204
76 222
76 233
76 247
76 361
76 412
76 463
76 471
76 485
76 487
76 527
76 528
76 569
76 692
76 749
76 761
76 830
76 960
76 963
77 153
77 187
77 197
77 228
77 250
77 294
77 342
77 347
77 407
77 484
77 543
77 702
77 714
77 848
77 879
77 911
77 949
77 998
77 999
78 107
78 205
78 264
78 335
78 367
78 382
78 417
78 438
78 485
78 590
78 698
78 770
78 929
78 943
78 967
78 968
78 981
79 84
79 142
79 175
79 221
79 222
79 361
79 383
79 406
79 456
79 462
79 536
79 549
79 752
79 757
79 866
79 951
79 988
80 92
80 223
80 227
80 247
80 363
80 375
80 391
80 393
80 396
80 402
80 434
80 499
80 541
80 604
80 666
80 688
80 716
80 748
80 848
80 853
81 185
81 209
81 234
81 266
81 283
81 287
81 308
81 327
81 363
81 429
81 438
81 470
81 519
81 547
81 568
81 667
81 712
81 741
81 771
81 796
81 797
81 816
81 836
81 867
81 906
81 912
81 944
81 964
82 159
82 247
82 261
82 264
82 286
82 379
82 472
82 517
82 539
82 562
82 617
82 629
82 769
82 827
82 859
82 932
82 954
83 149
83 150
83 321
83 333
83 466
83 500
83 503
83 621
83 667
83 731
83 806
83 831
83 865
83 925
83 927
83 938
84 96
84 118
84 161
84 264
84 282
84 334
84 368
84 375
84 406
84 449
84 471
84 892
84 911
84 932
84 935
84 936
84 940
84 986
85 91
85 99
85 182
85 202
85 209
85 243
85 259
85 280
85 368
85 377
85 450
85 494
85 503
85 542
85 567
85 579
85 628
85 646
85 679
85 742
85 770
85 834
85 873
85 912
85 975
86 94
86 109
86 137
86 227
86 237
86 242
86 252
86 296
86 359
86 418
86 468
86 487
86 564
86 605
86 614
86 707
86 869
86 896
86 917
86 927
87 131
87 166
87 182
87 197
87 207
87 208
87 350
87 378
87 394
87 429
87 493
87 520
87 615
87 616
87 691
87 739
87 744
87 938
87 942
87 959
88 100
88 176
88 192
88 243
88 287
88 301
88 348
88 383
88 434
88 676
88 718
88 771
88 856
88 961
88 964
89 91
89 141
89 204
89 208
89 303
89 368
89 392
89 440
89 546
89 582
89 609
89 779
89 801
89 848
89 865
89 894
89 968
89 975
90 105
90 533
90 572
90 607
90 625
90 684
90 691
90 694
90 700
90 709
90 733
90 762
90 771
90 902
90 953
90 978
90 982
91 196
91 254
91 259
91 289
91 446
91 466
91 566
91 605
91 657
91 675
91 730
91 820
91 854
91 913
91 991
92 158
92 230
92 308
92 327
92 331
92 384
92 410
92 467
92 484
92 495
92 577
92 593
92 612
92 722
92 735
92 755
92 838
92 887
92 894
92 970
92 979
92 988
93 125
93 250
93 341
93 366
93 387
93 426
93 433
93 466
93 499
93 731
93 840
93 864
93 962
93 966
93 972
93 984
93 987
94 102
94 108
94 165
94 256
94 266
94 313
94 333
94 389
94 534
94 590
94 626
94 646
94 697
94 723
94 750
94 777
94 837
94 838
94 858
94 892
94 907
94 912
94 928
94 985
95 108
95 143
95 170
95 298
95 333
95 395
95 552
95 576
95 622
95 639
95 685
95 741
95 769
95 797
95 859
95 969
95 998
96 103
96 128
96 164
96 220
96 229
96 243
96 347
96 482
96 523
96 551
96 614
96 621
96 676
96 678
96 693
96 722
96 735
96 745
96 813
96 839
96 872
96 889
96 891
96 920
96 966
96 974
97 155
97 185
97 233
97 257
97 354
97 414
97 491
97 515
97 531
97 546
97 570
97 596
97 669
97 691
97 726
97 732
97 741
97 749
97 790
97 822
97 831
97 838
97 885
97 941
98 104
98 143
98 178
98 229
98 277
98 396
98 398
98 583
98 623
98 695
98 726
98 760
98 765
98 780
98 813
98 830
98 943
98 968
98 976
98 999
99 113
99 164
99 206
99 312
99 348
99 351
99 366
99 371
99 447
99 537
99 545
99 572
99 595
99 641
99 658
99 675
99 707
99 777
99 789
99 904
99 949
99 957
99 983
99 995
100 153
100 164
100 198
100 280
100 339
100 532
100 538
100 582
100 749
100 753
100 868
100 885
100 901
100 919
100 922
100 936
100 939
100 993
101 347
101 405
101 423
101 426
101 430
101 431
101 529
101 577
101 579
101 597
101 618
101 626
101 646
101 723
101 735
101 779
101 780
101 808
101 836
101 856
101 894
101 926
101 987
102 132
102 183
102 305
102 341
102 399
102 412
102 424
102 442
102 527
102 679
102 709
102 772
102 800
102 818
102 854
102 967
103 172
103 239
103 252
103 279
103 314
103 364
103 368
103 455
103 532
103 608
103 625
103 635
103 686
103 835
103 865
103 971
103 973
104 119
104 177
104 204
104 287
104 378
104 395
104 480
104 495
104 562
104 581
104 658
104 664
104 671
104 712
104 725
104 728
104 778
104 841
104 906
105 142
105 156
105 181
105 282
105 299
105 300
105 310
105 431
105 463
105 573
105 623
105 629
105 710
105 743
105 757
105 772
105 830
105 880
105 942
105 963
106 122
106 139
106 205
106 290
106 424
106 427
106 436
106 453
106 551
106 562
106 570
106 745
106 921
106 926
106 949
106 954
106 964
107 160
107 167
107 314
107 325
107 331
107 355
107 364
107 392
107 411
107 443
107 454
107 455
107 458
107 462
107 479
107 496
107 520
107 522
107 549
107 633
107 654
107 689
107 711
107 736
107 755
107 819
107 833
107 902
107 932
107 946
107 949
108 136
108 138
108 213
108 220
108 257
108 278
108 327
108 349
108 375
108 398
108 455
108 466
108 495
108 510
108 522
108 527
108 591
108 660
108 685
108 726
108 743
108 896
108 897
109 131
109 150
109 173
109 226
109 276
109 354
109 394
109 448
109 498
109 529
109 538
109 633
109 693
109 706
109 725
109 871
110 272
110 275
110 298
110 328
110 368
110 447
110 469
110 475
110 516
110 544
110 547
110 567
110 611
110 619
110 701
110 705
110 717
110 820
110 831
110 884
110 889
110 989
111 131
111 218
111 225
111 239
111 343
111 347
111 364
111 401
111 405
111 458
111 461
111 482
111 569
111 673
111 737
111 783
111 792
111 829
111 970
111 989
112 114
112 172
112 261
112 274
112 283
112 289
112 378
112 422
112 425
112 468
112 513
112 537
112 574
112 635
112 653
112 670
112 715
112 790
112 810
112 894
112 926
112 928
113 154
113 193
113 198
113 215
113 259
113 296
113 297
113 312
113 356
113 555
113 607
113 619
113 690
113 756
113 776
113 792
113 839
113 956
114 140
114 178
114 250
114 285
114 294
114 360
114 473
114 533
114 590
114 684
114 710
114 743
114 764
114 838
114 848
114 878
114 892
114 944
114 989
115 173
115 205
115 307
115 320
115 372
115 431
115 491
115 492
115 534
115 591
115 686
115 699
115 742
115 777
115 788
115 920
115 946
115 982
115 983
116 128
116 146
116 165
116 259
116 277
116 355
116 366
116 390
116 418
116 427
116 439
116 490
116 520
116 606
116 699
116 711
116 747
116 750
116 888
116 891
116 925
116 980
117 144
117 255
117 287
117 341
117 344
117 356
117 414
117 417
117 520
117 525
117 565
117 617
117 677
117 708
117 758
117 833
117 894
117 908
117 984
118 201
118 308
118 353
118 354
118 370
118 378
118 415
118 434
118 455
118 517
118 709
118 863
118 953
119 228
119 273
119 298
119 557
119 583
119 584
119 635
119 661
119 685
119 727
119 774
119 793
119 809
119 895
119 950
119 957
120 123
120 150
120 229
120 265
120 292
120 355
120 417
120 465
120 581
120 598
120 619
120 631
120 723
120 811
120 851
120 889
120 896
120 900
120 970
120 976
121 200
121 256
121 314
121 344
121 396
121 558
121 667
121 688
121 706
121 828
121 912
121 948
122 194
122 268
122 353
122 361
122 378
122 438
122 454
122 467
122 522
122 583
122 634
122 638
122 659
122 803
122 821
122 999
123 195
123 213
123 219
123 261
123 356
123 383
123 436
123 451
123 459
123 632
123 674
123 747
123 800
123 874
123 970
124 149
124 237
124 258
124 351
124 358
124 378
124 426
124 522
124 566
124 593
124 607
124 707
124 787
124 810
124 840
124 877
124 891
124 901
125 194
125 244
125 253
125 283
125 370
125 428
125 454
125 513
125 561
125 614
125 666
125 672
125 699
125 710
125 716
125 742
125 763
125 797
125 843
125 852
125 860
125 873
125 884
125 901
125 906
125 917
125 919
125 925
125 954
126 151
126 164
126 172
126 203
126 209
126 214
126 229
126 341
126 426
126 686
126 822
126 906
126 950
127 214
127 226
127 254
127 279
127 317
127 321
127 324
127 325
127 412
127 496
127 540
127 553
127 651
127 723
127 742
127 805
127 833
127 967
128 199
128 227
128 238
128 312
128 347
128 375
128 391
128 448
128 548
128 552
128 592
128 610
128 624
128 737
128 765
128 785
128 810
128 930
128 972
128 974
128 982
129 160
129 203
129 331
129 631
129 638
129 710
129 875
129 922
129 931
130 188
130 291
130 295
130 447
130 483
130 560
130 564
130 569
130 576
130 622
130 652
130 658
130 723
130 755
130 764
130 770
130 773
130 799
130 809
130 871
130 875
130 907
130 913
130 945
131 137
131 185
131 241
131 247
131 283
131 330
131 388
131 473
131 542
131 556
131 563
131 588
131 781
131 824
131 868
131 900
131 955
131 978
132 150
132 188
132 260
132 261
132 275
132 343
132 358
132 460
132 855
132 884
133 188
133 207
133 279
133 331
133 348
133 394
133 570
133 598
133 606
133 611
133 625
133 646
133 717
133 727
133 768
133 795
133 800
133 801
133 813
133 853
133 881
133 991
134 169
134 226
134 264
134 273
134 285
134 287
134 329
134 350
134 497
134 508
134 523
134 557
134 564
134 595
134 779
134 780
134 860
134 874
135 219
135 247
135 354
135 376
135 422
135 445
135 490
135 500
135 582
135 631
135 658
135 691
135 699
135 726
135 799
135 809
135 883
135 921
135 922
136 159
136 249
136 362
136 402
136 414
136 450
136 521
136 524
136 563
136 606
136 664
136 700
136 703
136 704
136 719
136 737
136 810
136 952
136 971
137 210
137 229
137 236
137 355
137 361
137 367
137 716
137 801
137 804
137 808
137 818
137 824
137 939
137 960
137 970
138 178
138 250
138 267
138 321
138 328
138 375
138 376
138 379
138 426
138 468
138 584
138 652
138 655
138 704
138 709
138 714
138 795
138 825
138 842
138 852
139 148
139 232
139 261
139 327
139 366
139 403
139 409
139 442
139 474
139 587
139 687
139 741
139 764
139 827
139 831
139 858
139 901
139 944
140 158
140 181
140 191
140 228
140 342
140 404
140 410
140 446
140 493
140 546
140 697
140 703
140 718
140 720
140 785
140 838
140 923
141 195
141 242
141 253
141 312
141 510
141 561
141 672
141 732
141 751
141 799
141 823
141 846
141 969
142 207
142 274
142 288
142 305
142 394
142 441
142 521
142 587
142 599
142 813
142 837
142 996
143 158
143 176
143 219
143 254
143 266
143 268
143 297
143 375
143 447
143 500
143 539
143 542
143 548
143 565
143 577
143 602
143 651
143 729
143 764
143 841
143 857
143 958
144 275
144 347
144 372
144 409
144 425
144 452
144 477
144 564
144 613
144 743
144 779
144 836
144 870
144 879
144 886
144 892
144 908
144 940
144 978
145 148
145 200
145 223
145 257
145 300
145 308
145 389
145 402
145 427
145 648
145 697
145 774
145 998
146 149
146 175
146 203
146 218
146 336
146 341
146 342
146 557
146 558
146 717
146 740
146 896
146 952
147 155
147 174
147 292
147 307
147 384
147 525
147 586
147 603
147 637
147 688
147 689
147 735
147 790
147 811
147 846
147 932
147 972
148 152
148 291
148 439
148 476
148 481
148 503
148 519
148 537
148 609
148 842
148 847
148 900
148 991
149 170
149 174
149 176
149 227
149 246
149 323
149 333
149 403
149 459
149 573
149 600
149 615
149 658
149 740
149 785
149 787
149 794
149 876
149 925
150 215
150 305
150 422
150 458
150 467
150 468
150 469
150 498
150 509
150 527
150 548
150 637
150 642
150 675
150 678
150 689
150 763
150 883
150 926
150 937
151 189
151 315
151 339
151 345
151 396
151 444
151 526
151 677
151 708
151 716
151 737
151 759
151 797
151 803
151 841
152 201
152 212
152 245
152 276
152 345
152 384
152 457
152 490
152 523
152 575
152 576
152 756
152 789
152 911
152 931
152 950
152 966
152 987
153 221
153 236
153 256
153 271
153 297
153 327
153 401
153 429
153 515
153 542
153 665
153 731
153 800
153 825
153 844
153 863
153 866
153 963
154 165
154 206
154 222
154 259
154 333
154 368
154 525
154 564
154 617
154 628
154 667
154 675
154 691
154 817
154 818
154 982
155 183
155 243
155 276
155 349
155 398
155 471
155 502
155 536
155 556
155 651
155 672
155 710
155 768
155 803
155 844
155 888
155 893
155 948
156 164
156 302
156 312
156 318
156 390
156 402
156 477
156 495
156 531
156 550
156 582
156 618
156 664
156 807
156 887
156 970
157 175
157 182
157 205
157 235
157 242
157 264
157 314
157 350
157 379
157 380
157 396
157 492
157 575
157 591
157 667
157 712
157 730
157 799
157 849
157 977
157 981
158 218
158 219
158 240
158 280
158 295
158 309
158 369
158 382
158 451
158 544
158 626
158 691
158 722
158 742
158 767
158 832
158 834
158 846
158 877
158 949
159 174
159 180
159 221
159 243
159 316
159 336
159 420
159 459
159 490
159 522
159 628
159 639
159 665
159 672
159 695
159 726
159 783
159 813
159 855
159 886
159 920
159 931
160 232
160 235
160 285
160 292
160 328
160 411
160 451
160 492
160 495
160 519
160 530
160 598
160 662
160 678
160 837
160 845
160 892
160 953
160 974
160 978
161 184
161 203
161 238
161 268
161 271
161 273
161 287
161 288
161 436
161 520
161 537
161 604
161 611
161 615
161 618
161 665
161 722
161 751
161 785
161 829
161 856
161 884
161 901
161 908
162 194
162 212
162 305
162 394
162 466
162 527
162 604
162 665
162 789
162 798
162 867
162 896
162 957
163 273
163 370
163 385
163 443
163 491
163 587
163 606
163 710
163 756
163 793
163 823
163 825
163 860
163 871
163 901
163 985
164 177
164 183
164 251
164 296
164 305
164 391
164 408
164 415
164 434
164 448
164 479
164 515
164 519
164 594
164 619
164 653
164 687
164 900
165 207
165 305
165 319
165 320
165 327
165 383
165 394
165 475
165 524
165 552
165 581
165 736
165 871
165 876
165 884
165 890
165 908
165 966
166 263
166 306
166 307
166 328
166 355
166 410
166 453
166 497
166 562
166 677
166 749
166 870
166 878
166 892
166 963
166 985
167 177
167 178
167 257
167 316
167 352
167 400
167 402
167 413
167 417
167 534
167 647
167 716
167 762
167 838
167 905
167 961
168 268
168 307
168 351
168 503
168 506
168 690
168 763
168 777
168 797
169 283
169 368
169 460
169 476
169 591
169 644
169 660
169 705
169 774
169 793
169 795
169 812
169 893
169 949
169 999
170 194
170 280
170 302
170 311
170 395
170 401
170 451
170 467
170 471
170 506
170 524
170 525
170 680
170 684
170 718
170 729
170 756
170 900
170 994
171 262
171 338
171 475
171 483
171 512
171 516
171 519
171 594
171 793
171 891
171 924
171 995
172 217
172 299
172 305
172 317
172 342
172 351
172 373
172 388
172 481
172 605
172 638
172 661
172 664
172 707
172 742
172 786
172 868
173 196
173 201
173 223
173 271
173 277
173 331
173 340
173 391
173 447
173 457
173 540
173 549
173 679
173 681
173 722
173 828
173 991
174 209
174 257
174 320
174 350
174 361
174 390
174 423
174 452
174 475
174 482
174 532
174 533
174 621
174 677
174 684
174 806
174 829
175 228
175 252
175 292
175 313
175 365
175 451
175 457
175 465
175 485
175 574
175 631
175 656
175 687
175 709
175 716
175 731
175 742
175 816
175 966
175 974
176 191
176 231
176 263
176 277
176 340
176 379
176 520
176 536
176 567
176 584
176 600
176 601
176 731
176 786
176 812
176 843
176 887
176 914
177 209
177 274
177 287
177 288
177 323
177 395
177 455
177 477
177 650
177 654
177 701
177 715
177 734
177 849
178 229
178 262
178 473
178 491
178 527
178 528
178 557
178 600
178 626
178 757
178 768
178 783
178 872
178 875
178 912
178 971
178 992
179 212
179 258
179 275
179 331
179 556
179 582
179 708
179 746
179 754
179 785
179 838
179 953
180 181
180 392
180 413
180 444
180 545
180 634
180 640
180 661
180 901
180 933
181 191
181 240
181 378
181 381
181 413
181 536
181 607
181 630
181 687
181 791
181 805
181 826
181 871
181 949
182 231
182 232
182 352
182 514
182 563
182 615
182 714
182 738
182 753
182 768
182 930
182 972
183 210
183 211
183 226
183 245
183 320
183 331
183 460
183 495
183 528
183 611
183 644
183 652
183 663
183 672
183 679
183 694
183 708
183 727
183 776
183 823
183 853
183 923
183 976
184 204
184 246
184 251
184 293
184 308
184 326
184 332
184 354
184 389
184 416
184 451
184 558
184 586
184 601
184 609
184 635
184 793
184 795
184 823
184 870
184 940
184 976
185 268
185 269
185 337
185 356
185 365
185 406
185 435
185 454
185 480
185 551
185 555
185 596
185 647
185 655
185 675
185 690
185 781
185 826
185 915
185 922
185 958
186 207
186 234
186 296
186 301
186 355
186 404
186 409
186 482
186 620
186 630
186 861
186 911
187 203
187 231
187 263
187 340
187 368
187 427
187 449
187 498
187 525
187 527
187 619
187 644
187 755
187 788
187 829
187 837
187 864
187 878
187 919
187 924
187 942
187 960
188 229
188 237
188 269
188 288
188 388
188 501
188 631
188 632
188 718
188 758
188 793
188 831
188 921
189 215
189 239
189 248
189 305
189 453
189 503
189 586
189 589
189 594
189 615
189 643
189 730
189 738
189 762
189 799
189 800
189 916
189 942
189 955
190 245
190 356
190 407
190 443
190 561
190 602
190 687
190 766
190 887
190 893
190 906
190 939
190 964
191 192
191 234
191 237
191 253
191 542
191 556
191 605
191 629
191 644
191 654
191 665
191 677
191 749
191 764
191 783
191 791
191 822
191 828
191 862
191 876
191 907
191 918
191 993
192 220
192 252
192 279
192 435
192 441
192 453
192 503
192 534
192 651
192 708
192 819
192 963
192 985
192 998
193 204
193 206
193 384
193 435
193 588
193 640
193 674
193 721
193 749
193 752
193 798
193 815
193 826
193 851
193 860
193 917
194 240
194 255
194 257
194 273
194 279
194 329
194 440
194 489
194 547
194 583
194 621
194 644
194 782
194 793
194 881
194 946
195 249
195 319
195 346
195 386
195 442
195 564
195 599
195 655
195 778
195 792
195 855
195 911
196 281
196 292
196 354
196 480
196 509
196 622
196 642
196 679
196 692
196 733
196 757
197 313
197 402
197 410
197 416
197 436
197 567
197 630
197 635
197 681
197 684
197 737
197 770
197 811
197 854
197 951
197 980
198 260
198 294
198 364
198 406
198 411
198 434
198 438
198 500
198 526
198 551
198 557
198 593
198 594
198 680
198 691
198 701
198 722
198 743
198 873
198 912
198 918
198 993
199 233
199 277
199 437
199 552
199 578
199 587
199 610
199 628
199 662
199 703
199 814
199 837
199 980
200 251
200 289
200 308
200 390
200 441
200 456
200 540
200 545
200 581
200 599
200 602
200 609
200 682
200 726
200 742
200 761
200 779
200 801
200 830
200 852
200 883
201 281
201 358
201 425
201 550
201 636
201 640
201 700
201 726
201 748
201 812
201 828
201 959
201 978
201 984
202 221
202 260
202 416
202 448
202 480
202 503
202 607
202 625
202 738
202 826
202 853
202 890
202 940
202 978
202 989
203 214
203 297
203 442
203 469
203 671
203 678
203 703
203 809
203 924
203 964
204 357
204 367
204 487
204 497
204 521
204 562
204 591
204 640
204 699
204 710
204 716
204 777
204 891
204 910
204 945
204 964
204 988
205 262
205 274
205 289
205 345
205 437
205 438
205 442
205 524
205 543
205 593
205 596
205 620
205 645
205 678
205 715
205 801
205 832
205 875
205 902
205 929
206 283
206 327
206 331
206 516
206 665
206 938
207 368
207 373
207 384
207 507
207 530
207 533
207 534
207 664
207 676
207 845
207 853
207 891
207 920
207 936
207 974
207 985
208 277
208 308
208 315
208 326
208 358
208 380
208 404
208 440
208 544
208 556
208 604
208 642
208 645
208 749
209 229
209 235
209 238
209 245
209 302
209 359
209 379
209 401
209 418
209 461
209 563
209 633
209 646
209 733
209 769
209 806
209 818
209 959
209 974
210 228
210 244
210 277
210 323
210 340
210 368
210 387
210 598
210 633
210 656
210 682
210 684
210 737
210 849
210 941
210 945
211 294
211 346
211 358
211 393
211 446
211 457
211 458
211 620
211 642
211 663
211 686
211 738
211 761
211 785
211 829
211 836
211 842
212 347
212 354
212 559
212 586
212 595
212 806
212 847
212 851
212 913
212 916
212 924
213 245
213 248
213 253
213 288
213 298
213 478
213 509
213 511
213 548
213 577
213 589
213 605
213 628
213 639
213 651
213 684
213 698
213 714
213 728
213 752
213 757
213 787
213 900
214 278
214 348
214 364
214 429
214 472
214 480
214 543
214 561
214 680
214 822
214 842
214 849
214 926
214 935
214 953
214 996
215 218
215 231
215 272
215 331
215 366
215 424
215 458
215 467
215 568
215 619
215 680
215 738
215 797
215 844
215 857
215 862
215 898
215 939
215 942
215 970
216 229
216 242
216 244
216 289
216 298
216 340
216 484
216 523
216 564
216 653
216 704
216 756
216 761
216 820
216 837
216 857
217 230
217 242
217 289
217 311
217 391
217 509
217 647
217 737
217 761
217 794
217 800
217 914
217 920
217 940
217 960
217 977
218 221
218 241
218 268
218 305
218 366
218 412
218 420
218 459
218 581
218 619
218 693
218 736
218 757
218 772
218 825
218 851
218 985
219 270
219 286
219 306
219 343
219 360
219 368
219 446
219 579
219 600
219 741
219 784
219 795
219 917
220 278
220 307
220 395
220 460
220 481
220 620
220 628
220 684
220 692
220 757
220 803
220 849
220 950
220 982
221 305
221 339
221 372
221 404
221 422
221 426
221 428
221 429
221 563
221 696
221 713
221 775
221 796
221 820
221 823
221 825
221 895
221 978
221 997
222 233
222 299
222 339
222 391
222 485
222 502
222 504
222 545
222 564
222 581
222 650
222 670
222 748
222 882
222 959
222 989
223 238
223 353
223 415
223 416
223 442
223 512
223 519
223 531
223 592
223 621
223 653
223 706
223 756
223 782
223 783
223 929
223 950
223 997
224 234
224 237
224 340
224 349
224 362
224 398
224 530
224 534
224 597
224 652
224 703
224 750
224 807
224 833
224 876
224 896
224 899
224 903
224 929
224 962
225 291
225 307
225 313
225 327
225 328
225 367
225 399
225 449
225 576
225 647
225 652
225 695
225 701
225 825
225 870
225 896
225 969
226 386
226 499
226 509
226 525
226 576
226 590
226 698
226 825
226 850
226 856
226 913
226 934
226 949
226 955
226 959
226 960
226 973
227 459
227 489
227 542
227 565
227 591
227 657
227 708
227 818
227 832
227 847
227 859
227 927
227 947
228 235
228 264
228 268
228 387
228 445
228 457
228 464
228 537
228 703
228 790
228 802
228 807
228 899
229 233
229 285
229 428
229 433
229 471
229 546
229 553
229 588
229 606
229 650
229 730
229 757
229 769
229 774
229 797
229 818
229 831
229 834
229 923
229 973
230 392
230 404
230 422
230 425
230 432
230 443
230 488
230 502
230 573
230 660
230 740
230 800
230 822
230 830
231 248
231 250
231 251
231 252
231 272
231 314
231 346
231 435
231 457
231 539
231 572
231 628
231 671
231 691
232 283
232 304
232 359
232 524
232 571
232 585
232 620
232 631
232 665
232 725
232 744
232 803
233 266
233 268
233 309
233 380
233 416
233 531
233 534
233 544
233 556
233 559
233 643
233 659
233 677
233 743
233 762
233 782
233 824
233 877
233 880
233 951
234 270
234 280
234 314
234 330
234 453
234 507
234 547
234 564
234 602
234 616
234 637
234 705
234 766
234 769
234 822
235 315
235 318
235 416
235 518
235 539
235 579
235 587
235 651
235 665
235 677
235 680
235 723
235 792
235 794
235 812
235 824
235 934
236 310
236 392
236 452
236 454
236 465
236 494
236 519
236 537
236 547
236 548
236 597
236 758
236 853
236 880
236 906
236 929
237 270
237 381
237 387
237 462
237 463
237 525
237 698
237 786
237 797
237 847
237 853
237 855
237 874
237 938
237 969
237 980
238 264
238 287
238 353
238 388
238 429
238 506
238 569
238 601
238 609
238 648
238 691
238 746
238 770
238 774
238 840
238 844
238 900
238 945
238 973
238 978
239 278
239 316
239 449
239 465
239 546
239 570
239 592
239 598
239 618
239 626
239 700
239 720
239 736
239 754
239 883
239 957
239 978
240 254
240 306
240 396
240 408
240 443
240 444
240 523
240 539
240 562
240 601
240 609
240 612
240 713
240 716
240 744
240 771
240 788
240 807
240 853
240 906
240 927
240 933
240 944
240 981
241 333
241 351
241 373
241 458
241 476
241 487
241 490
241 499
241 553
241 643
241 676
241 681
241 719
241 779
241 855
241 879
241 920
242 343
242 359
242 401
242 456
242 459
242 506
242 590
242 785
242 841
242 955
242 963
242 973
242 991
243 378
243 409
243 443
243 465
243 493
243 497
243 502
243 530
243 540
243 559
243 587
243 632
243 693
243 783
243 795
243 821
243 924
243 930
244 285
244 287
244 516
244 567
244 643
244 660
244 681
244 777
244 823
244 948
244 953
244 958
244 963
244 982
245 251
245 330
245 354
245 387
245 413
245 563
245 641
245 653
245 684
245 702
245 717
245 738
245 746
245 761
245 858
245 921
245 926
245 974
245 977
245 991
246 259
246 290
246 413
246 453
246 456
246 498
246 514
246 522
246 571
246 581
246 689
246 720
246 809
246 811
247 277
247 441
247 458
247 466
247 535
247 570
247 590
247 653
247 661
247 689
247 785
247 868
247 938
247 957
247 983
247 989
248 267
248 271
248 318
248 332
248 342
248 346
248 392
248 463
248 511
248 527
248 603
248 690
248 746
248 753
248 786
248 802
248 831
248 953
248 982
249 294
249 329
249 338
249 502
249 553
249 639
249 650
249 693
249 836
249 858
249 898
249 901
249 923
249 961
249 975
249 987
250 273
250 319
250 379
250 401
250 484
250 593
250 605
250 628
250 710
250 721
250 733
250 738
250 753
250 779
250 811
250 826
250 906
251 428
251 471
251 547
251 575
251 578
251 582
251 633
251 792
251 913
251 914
251 999
252 326
252 329
252 345
252 352
252 377
252 446
252 487
252 545
252 591
252 661
252 689
252 752
252 786
253 276
253 326
253 330
253 423
253 474
253 595
253 628
253 641
253 646
253 724
253 781
253 792
253 822
253 831
253 952
254 266
254 273
254 302
254 312
254 333
254 347
254 524
254 529
254 552
254 600
254 624
254 636
254 681
254 758
254 809
254 858
254 863
254 872
254 919
254 983
255 270
255 355
255 393
255 456
255 457
255 478
255 507
255 697
255 806
255 860
255 885
255 887
255 932
255 967
256 257
256 357
256 523
256 600
256 607
256 696
256 778
256 815
256 904
256 946
256 956
257 355
257 422
257 423
257 449
257 479
257 573
257 586
257 647
257 679
257 705
257 719
257 765
257 872
257 879
257 970
258 315
258 339
258 415
258 417
258 458
258 542
258 566
258 567
258 655
258 710
258 726
258 736
258 811
258 885
258 905
258 934
259 261
259 266
259 329
259 448
259 470
259 471
259 571
259 641
259 652
259 660
259 677
259 707
259 825
259 848
260 296
260 305
260 380
260 394
260 551
260 552
260 664
260 763
260 790
260 846
260 851
260 888
260 921
260 945
260 993
261 286
261 316
261 347
261 354
261 437
261 529
261 560
261 577
261 591
261 700
261 835
261 972
261 975
261 984
262 264
262 291
262 358
262 382
262 543
262 634
262 766
262 767
262 784
263 426
263 455
263 464
263 487
263 506
263 526
263 531
263 643
263 662
263 699
263 737
263 805
263 926
263 968
263 982
264 270
264 307
264 326
264 398
264 548
264 630
264 702
264 778
264 781
264 859
264 944
265 287
265 308
265 506
265 549
265 554
265 562
265 603
265 610
265 634
265 645
265 662
265 693
266 297
266 375
266 493
266 688
266 775
266 783
266 902
266 940
267 327
267 364
267 367
267 393
267 420
267 425
267 484
267 557
267 575
267 647
267 656
267 696
267 785
267 805
267 845
267 977
268 363
268 377
268 400
268 530
268 611
268 821
268 835
268 852
268 951
268 961
268 997
269 284
269 298
269 319
269 375
269 450
269 456
269 488
269 519
269 538
269 665
269 732
269 775
269 806
269 856
269 987
270 299
270 343
270 344
270 508
270 528
270 552
270 592
270 596
270 613
270 772
270 830
270 939
270 944
271 338
271 356
271 383
271 428
271 494
271 508
271 610
271 816
271 833
271 903
271 931
271 935
272 302
272 383
272 485
272 588
272 621
272 640
272 643
272 701
272 709
272 758
272 976
273 354
273 520
273 600
273 659
273 683
273 792
273 922
274 504
274 543
274 579
274 615
274 731
274 823
274 834
274 837
274 927
275 298
275 305
275 369
275 426
275 460
275 465
275 504
275 506
275 726
275 742
275 806
275 820
275 845
275 868
275 963
275 971
276 352
276 378
276 393
276 407
276 601
276 613
276 759
276 782
276 796
276 902
276 950
277 339
277 377
277 436
277 451
277 515
277 549
277 563
277 580
277 582
277 604
277 656
277 662
277 701
277 738
277 769
278 358
278 367
278 416
278 453
278 455
278 465
278 471
278 499
278 509
278 544
278 546
278 565
278 569
278 572
278 624
278 646
278 696
278 715
278 823
278 845
278 853
278 861
278 871
278 873
278 890
278 901
278 923
278 947
279 289
279 321
279 366
279 367
279 375
279 403
279 511
279 535
279 537
279 553
279 592
279 620
279 668
279 717
279 757
279 956
280 356
280 413
280 533
280 575
280 631
280 724
280 740
280 754
280 768
280 793
280 867
280 885
280 896
280 954
280 975
281 289
281 292
281 437
281 438
281 462
281 519
281 587
281 604
281 677
281 683
281 702
281 799
281 847
281 863
281 889
281 978
282 315
282 371
282 443
282 539
282 547
282 552
282 755
282 782
282 797
282 815
282 824
282 832
282 870
282 907
282 910
282 915
282 939
282 984
282 995
283 378
283 419
283 466
283 573
283 582
283 610
283 617
283 657
283 667
283 725
283 777
283 885
283 905
283 977
284 369
284 441
284 527
284 571
284 673
284 835
284 913
284 966
284 979
284 987
284 996
285 366
285 418
285 773
285 776
285 807
285 808
285 902
285 907
285 975
286 355
286 366
286 411
286 454
286 473
286 554
286 600
286 772
286 855
286 980
286 990
287 334
287 359
287 371
287 425
287 443
287 557
287 569
287 669
287 689
287 705
287 737
287 741
287 767
287 804
287 932
288 327
288 359
288 380
288 392
288 426
288 439
288 496
288 534
288 556
288 593
288 695
288 735
288 750
288 832
288 965
288 988
288 997
289 320
289 379
289 446
289 451
289 456
289 490
289 609
289 610
289 616
289 669
289 673
289 740
289 771
289 826
289 829
289 860
289 886
289 904
289 920
289 929
290 294
290 320
290 334
290 414
290 435
290 476
290 554
290 557
290 639
290 647
290 802
290 805
290 840
290 872
290 902
291 427
291 447
291 571
291 632
291 762
291 764
291 795
291 847
291 926
292 375
292 421
292 457
292 494
292 500
292 573
292 600
292 681
292 690
292 700
292 741
292 821
292 855
292 954
292 970
292 981
293 299
293 324
293 379
293 484
293 550
293 641
293 689
293 709
293 744
293 820
293 854
293 923
293 925
294 311
294 339
294 385
294 400
294 570
294 603
294 612
294 630
294 709
294 794
294 824
295 424
295 439
295 534
295 694
295 764
295 766
295 801
295 844
295 868
295 946
295 970
295 982
295 994
296 310
296 312
296 389
296 404
296 490
296 560
296 617
296 740
296 790
296 849
296 912
296 932
296 960
297 408
297 473
297 479
297 486
297 538
297 582
297 599
297 639
297 672
297 675
297 717
297 862
297 896
297 950
298 327
298 338
298 384
298 409
298 415
298 518
298 555
298 590
298 702
298 755
298 807
298 842
298 852
298 903
298 997
299 423
299 441
299 478
299 488
299 508
299 523
299 695
299 782
299 790
299 795
299 812
299 965
299 976
299 984
299 985
300 317
300 365
300 378
300 401
300 515
300 519
300 554
300 622
300 623
300 664
300 676
300 696
300 743
300 785
300 799
300 835
300 886
300 890
301 327
301 347
301 391
301 407
301 453
301 460
301 566
301 610
301 637
301 657
301 690
301 695
301 713
301 730
301 971
301 981
302 312
302 373
302 382
302 451
302 523
302 614
302 626
302 686
302 866
302 934
302 985
302 986
303 461
303 539
303 550
303 564
303 568
303 588
303 655
303 736
303 742
303 811
303 812
303 835
303 900
303 993
304 318
304 416
304 422
304 511
304 541
304 543
304 555
304 602
304 615
304 639
304 654
304 714
304 784
304 896
304 980
304 989
305 485
305 624
305 638
305 642
305 778
305 825
306 440
306 495
306 560
306 677
306 690
306 778
306 854
306 978
306 980
307 340
307 442
307 455
307 523
307 552
307 632
307 644
307 698
307 724
307 751
307 780
307 819
307 830
307 868
307 872
307 875
307 903
308 370
308 426
308 450
308 500
308 532
308 556
308 558
308 614
308 631
308 645
308 690
308 759
308 761
308 817
308 840
308 934
308 957
309 406
309 519
309 586
309 602
309 657
309 696
309 763
309 809
309 837
310 341
310 360
310 361
310 376
310 385
310 449
310 493
310 495
310 605
310 713
310 721
310 726
310 733
310 745
310 753
310 848
310 901
310 949
311 340
311 341
311 376
311 416
311 464
311 583
311 899
311 906
311 939
311 984
312 348
312 449
312 481
312 583
312 609
312 623
312 639
312 650
312 837
312 838
312 880
312 891
312 968
312 993
313 397
313 450
313 508
313 697
313 718
313 770
313 804
313 811
313 852
313 867
313 872
313 880
313 891
313 966
314 428
314 438
314 483
314 498
314 515
314 553
314 564
314 682
314 771
314 787
314 791
314 826
314 835
314 943
315 354
315 393
315 508
315 530
315 575
315 617
315 619
315 629
315 694
315 710
315 753
315 789
315 818
315 829
315 839
315 861
315 940
315 942
315 953
316 342
316 351
316 407
316 440
316 449
316 465
316 501
316 593
316 624
316 878
316 900
316 917
316 969
316 970
317 372
317 394
317 406
317 465
317 493
317 554
317 585
317 619
317 690
317 749
317 754
317 942
317 976
318 325
318 354
318 360
318 420
318 422
318 427
318 481
318 505
318 514
318 532
318 552
318 744
318 792
318 901
318 914
318 939
318 966
318 979
319 336
319 406
319 413
319 434
319 466
319 644
319 728
319 807
319 831
319 844
319 845
319 847
319 853
319 888
320 436
320 560
320 595
320 694
320 892
321 366
321 375
321 556
321 633
321 660
321 722
321 809
321 827
321 836
321 884
321 902
322 371
322 505
322 565
322 620
322 622
322 667
322 799
322 801
322 857
322 862
322 951
323 328
323 400
323 445
323 473
323 616
323 618
323 632
323 671
323 741
323 762
323 782
323 785
323 840
323 869
323 993
323 998
324 374
324 420
324 424
324 474
324 484
324 503
324 504
324 528
324 751
324 766
324 854
324 914
324 980
325 405
325 447
325 487
325 497
325 624
325 720
325 755
325 758
325 841
325 847
325 958
325 994
326 342
326 395
326 448
326 462
326 489
326 501
326 532
326 597
326 622
326 696
326 700
326 743
326 764
326 782
326 827
326 861
326 866
326 903
326 949
326 956
326 961
327 341
327 372
327 424
327 438
327 465
327 542
327 574
327 588
327 617
327 636
327 644
327 646
327 671
327 686
327 692
327 735
327 788
327 796
327 838
327 863
327 936
328 367
328 559
328 636
328 646
328 737
328 842
328 928
328 970
329 343
329 498
329 525
329 598
329 636
329 673
329 751
329 761
329 762
329 779
329 863
329 899
329 941
329 985
329 993
329 999
330 382
330 501
330 518
330 542
330 600
330 619
330 647
330 775
330 776
330 841
330 958
331 452
331 478
331 483
331 502
331 531
331 545
331 565
331 590
331 624
331 731
331 755
331 840
331 907
332 436
332 442
332 507
332 518
332 581
332 603
332 693
332 695
332 732
332 826
332 912
332 927
332 943
333 338
333 339
333 360
333 383
333 440
333 474
333 506
333 511
333 520
333 672
333 680
333 692
333 699
333 724
333 844
333 866
333 869
333 873
333 874
333 912
333 956
334 561
334 610
334 624
334 626
334 665
334 675
334 689
334 692
334 735
334 794
334 906
334 973
334 987
335 343
335 361
335 389
335 430
335 466
335 485
335 544
335 595
335 636
335 639
335 841
335 865
336 379
336 405
336 449
336 494
336 506
336 572
336 633
336 684
336 695
336 723
336 740
336 741
336 748
336 792
336 804
336 827
336 831
336 859
336 860
336 866
336 874
336 913
336 946
336 967
336 985
337 341
337 381
337 598
337 678
337 699
337 727
337 779
337 819
337 820
338 347
338 383
338 466
338 515
338 583
338 713
338 792
338 806
338 854
338 883
339 374
339 443
339 582
339 650
339 723
339 852
339 859
339 876
339 938
340 358
340 375
340 411
340 518
340 566
340 600
340 621
340 720
340 798
340 812
341 349
341 360
341 498
341 703
341 744
341 830
341 882
341 991
342 439
342 449
342 465
342 509
342 575
342 602
342 611
342 641
342 659
342 662
342 745
342 756
342 767
342 886
342 926
342 948
342 980
343 372
343 391
343 392
343 412
343 428
343 453
343 524
343 561
343 592
343 609
343 664
343 676
343 686
343 707
343 797
343 845
343 858
344 429
344 450
344 512
344 579
344 581
344 763
344 797
344 885
344 923
344 971
344 982
345 357
345 383
345 421
345 496
345 525
345 557
345 653
345 684
345 709
345 725
345 727
345 753
345 771
345 773
345 827
345 909
345 953
345 979
346 367
346 520
346 530
346 557
346 578
346 592
346 620
346 630
346 743
346 745
346 768
346 848
346 849
346 952
347 368
347 386
347 410
347 422
347 434
347 459
347 473
347 544
347 643
347 735
347 778
347 785
347 831
347 842
347 963
347 981
347 995
348 385
348 415
348 436
348 442
348 461
348 613
348 675
348 823
348 829
348 871
348 879
348 969
348 985
349 421
349 447
349 559
349 565
349 566
349 616
349 651
349 678
349 696
349 775
349 828
349 855
349 868
349 970
350 353
350 388
350 394
350 427
350 438
350 535
350 563
350 584
350 586
350 608
350 672
350 683
350 772
350 831
350 883
351 413
351 483
351 547
351 648
351 670
351 728
351 762
351 808
351 810
351 837
351 864
351 881
352 370
352 388
352 453
352 559
352 677
352 721
352 973
353 378
353 390
353 399
353 428
353 433
353 459
353 467
353 583
353 591
353 640
353 771
353 802
353 812
353 814
353 841
353 946
354 384
354 403
354 456
354 493
354 507
354 572
354 600
354 628
354 654
354 666
354 690
354 699
354 740
354 796
354 797
354 799
354 800
354 910
354 999
355 398
355 434
355 571
355 631
355 657
355 660
355 777
355 839
356 466
356 540
356 577
356 604
356 853
356 901
356 919
356 993
357 399
357 427
357 550
357 579
357 677
357 708
357 760
357 778
357 812
357 839
357 917
357 958
357 986
358 371
358 442
358 450
358 477
358 495
358 560
358 564
358 616
358 666
358 691
358 737
358 912
358 990
359 407
359 422
359 461
359 486
359 519
359 525
359 713
359 750
359 772
359 842
359 911
359 975
359 985
359 990
360 363
360 579
360 665
360 702
360 766
360 796
360 826
360 862
360 908
361 367
361 369
361 438
361 624
361 755
361 756
361 777
361 784
361 952
361 981
361 986
362 544
362 586
362 589
362 719
362 797
362 806
362 863
362 879
362 901
362 935
362 952
363 436
363 445
363 477
363 630
363 747
363 786
363 809
363 829
363 857
363 866
363 887
363 947
363 974
363 990
363 992
364 546
364 585
364 622
364 661
364 694
364 861
364 869
364 876
364 892
364 937
364 985
364 991
365 392
365 504
365 519
365 582
365 614
365 753
365 816
365 817
365 831
365 859
365 879
365 941
365 943
366 383
366 398
366 438
366 441
366 486
366 500
366 524
366 572
366 580
366 658
366 692
366 722
366 732
366 780
366 982
367 398
367 404
367 444
367 477
367 504
367 559
367 590
367 592
367 756
367 759
367 795
367 814
367 860
367 896
367 945
367 947
367 993
368 369
368 403
368 435
368 549
368 574
368 581
368 582
368 608
368 717
368 848
368 956
369 419
369 460
369 485
369 517
369 548
369 595
369 657
369 699
369 715
369 748
369 826
369 892
369 929
370 395
370 408
370 428
370 565
370 592
370 604
370 676
370 694
370 751
370 773
371 416
371 450
371 515
371 555
371 590
371 664
371 713
371 963
371 983
372 376
372 485
372 489
372 567
372 570
372 582
372 606
372 687
372 707
372 810
372 818
372 897
372 940
373 452
373 591
373 610
373 680
373 737
373 775
373 805
373 819
373 875
373 881
374 411
374 480
374 511
374 570
374 588
374 630
374 719
374 904
374 960
374 962
375 420
375 467
375 481
375 488
375 490
375 642
375 655
375 761
375 801
375 845
375 868
375 951
375 989
376 398
376 469
376 569
376 632
376 648
376 671
376 734
376 769
376 776
376 796
376 820
376 962
377 460
377 468
377 511
377 526
377 528
377 726
377 769
377 798
377 834
377 843
377 894
377 939
377 952
377 966
378 438
378 472
378 503
378 505
378 518
378 556
378 563
378 574
378 584
378 623
378 634
378 652
378 664
378 688
378 726
378 727
378 765
378 813
378 860
378 942
378 962
378 968
379 397
379 462
379 475
379 479
379 610
379 821
379 873
379 926
379 963
379 990
380 396
380 408
380 487
380 519
380 573
380 641
380 688
380 715
380 732
380 779
380 789
380 837
380 853
380 858
380 883
380 906
380 937
380 952
380 960
381 550
381 564
381 618
381 633
381 698
381 732
381 851
381 853
381 933
381 980
382 406
382 478
382 524
382 531
382 538
382 584
382 602
382 629
382 669
382 671
382 702
382 726
382 824
382 836
382 852
382 954
382 958
382 959
383 453
383 506
383 536
383 579
383 597
383 610
383 855
383 889
383 895
383 896
383 968
383 994
384 405
384 431
384 534
384 560
384 627
384 654
384 698
384 734
384 761
384 802
384 803
384 955
384 995
385 471
385 487
385 542
385 677
385 799
385 936
385 971
386 387
386 429
386 564
386 622
386 629
386 710
386 858
386 863
386 865
386 897
386 908
386 925
386 954
387 396
387 504
387 512
387 516
387 543
387 592
387 610
387 701
387 727
387 820
387 932
387 935
387 993
388 448
388 486
388 516
388 594
388 900
388 951
389 401
389 427
389 494
389 660
389 671
389 763
389 766
389 823
389 878
390 422
390 505
390 507
390 541
390 547
390 575
390 586
390 686
390 695
390 758
390 842
390 987
391 403
391 466
391 473
391 553
391 655
391 657
391 702
391 715
391 768
391 770
391 775
391 785
391 811
391 876
391 986
392 397
392 423
392 449
392 470
392 524
392 534
392 592
392 601
392 606
392 739
392 776
392 887
392 932
392 990
393 501
393 529
393 570
393 578
393 599
393 605
393 656
393 753
393 807
393 813
393 825
393 976
393 995
394 426
394 440
394 494
394 657
394 754
394 757
394 760
394 820
394 823
394 838
394 880
394 967
395 402
395 424
395 435
395 512
395 525
395 543
395 648
395 683
395 750
395 796
395 887
395 893
395 910
395 969
395 988
396 398
396 401
396 442
396 529
396 546
396 565
396 587
396 601
396 716
396 727
396 747
396 888
396 891
396 896
396 982
397 411
397 447
397 517
397 524
397 583
397 586
397 602
397 614
397 632
397 799
397 827
397 846
397 912
397 919
397 966
398 625
398 636
398 656
398 679
398 697
398 709
398 757
398 802
398 815
398 817
398 889
398 935
398 988
399 419
399 421
399 500
399 501
399 518
399 525
399 560
399 645
399 705
399 733
399 742
399 771
399 810
399 838
399 852
399 962
399 966
399 975
399 985
399 987
400 461
400 476
400 480
400 543
400 598
400 692
400 764
400 805
400 813
400 865
401 407
401 466
401 541
401 549
401 604
401 718
401 737
401 791
401 854
401 917
401 980
402 410
402 467
402 509
402 546
402 625
402 639
402 648
402 789
402 806
402 909
402 926
402 981
402 982
403 435
403 527
403 559
403 636
403 640
403 641
403 668
403 709
403 712
403 746
403 760
403 816
403 833
403 867
403 908
403 966
404 589
404 600
404 875
405 411
405 422
405 439
405 520
405 603
405 666
405 719
405 722
405 726
405 743
405 753
405 793
405 833
405 875
405 899
405 924
405 932
406 425
406 493
406 540
406 548
406 576
406 617
406 638
406 770
406 837
406 884
406 910
406 919
406 953
406 963
407 455
407 487
407 559
407 567
407 644
407 679
407 821
407 826
407 838
407 854
407 863
407 902
407 915
407 988
408 418
408 419
408 432
408 528
408 564
408 586
408 616
408 704
408 723
408 762
408 790
408 806
408 855
408 916
409 425
409 511
409 516
409 529
409 647
409 718
409 831
409 845
409 918
409 953
410 425
410 495
410 570
410 675
410 717
410 789
410 871
410 891
410 892
410 904
411 431
411 453
411 487
411 538
411 599
411 758
411 834
411 837
411 948
411 957
412 444
412 477
412 585
412 606
412 633
412 637
412 696
412 737
412 747
412 753
412 776
412 844
412 860
412 997
413 446
413 488
413 571
413 627
413 637
413 689
413 729
413 912
414 416
414 465
414 478
414 486
414 527
414 534
414 649
414 679
414 697
414 790
414 877
414 908
414 954
414 976
415 417
415 419
415 436
415 466
415 549
415 621
415 665
415 775
415 788
415 822
415 843
415 853
415 862
415 982
416 507
416 521
416 556
416 708
416 754
416 774
416 791
416 833
416 845
417 432
417 565
417 575
417 581
417 636
417 640
417 741
417 766
417 778
417 803
417 806
417 845
417 879
417 926
417 964
417 968
418 679
418 702
418 705
418 751
418 768
418 783
418 796
418 866
418 910
418 920
418 931
418 980
419 420
419 431
419 545
419 594
419 605
419 652
419 723
419 755
419 903
419 935
420 454
420 499
420 552
420 568
420 622
420 623
420 670
420 785
420 821
420 836
420 855
420 870
420 954
420 958
420 965
421 541
421 629
421 630
421 639
421 692
421 721
421 722
421 768
421 770
421 786
421 824
421 872
422 448
422 483
422 581
422 716
422 729
422 738
422 747
422 781
422 847
422 882
422 909
422 959
423 488
423 489
423 542
423 594
423 603
423 642
423 644
423 687
423 855
423 977
424 524
424 549
424 605
424 634
424 648
424 682
424 721
424 767
424 820
425 489
425 622
425 728
425 787
425 833
425 858
425 934
426 468
426 546
426 583
426 596
426 624
426 650
426 689
426 706
426 723
426 777
426 993
427 454
427 459
427 469
427 474
427 489
427 571
427 614
427 631
427 680
427 704
427 759
427 763
427 881
427 924
427 936
428 496
428 503
428 655
428 835
428 866
428 872
428 988
429 468
429 477
429 487
429 488
429 502
429 611
429 623
429 626
429 633
429 667
429 737
429 851
429 857
429 872
430 452
430 476
430 481
430 540
430 629
430 798
430 889
430 934
430 978
431 498
431 541
431 555
431 582
431 609
431 715
431 834
431 835
431 962
432 461
432 500
432 520
432 542
432 616
432 625
432 710
432 864
432 893
432 934
432 989
432 993
433 548
433 631
433 700
433 835
433 900
433 963
433 966
433 999
434 454
434 510
434 595
434 602
434 649
434 701
434 714
434 781
434 848
434 852
434 993
435 562
435 579
435 634
435 696
435 754
435 809
435 853
436 501
436 531
436 545
436 595
436 608
436 650
436 674
436 692
436 704
436 768
436 778
436 923
437 675
437 696
437 702
437 738
437 742
437 835
437 843
437 974
438 468
438 493
438 574
438 828
438 849
438 941
438 978
439 444
439 792
439 800
439 897
439 962
439 998
440 511
440 532
440 562
440 609
440 664
440 672
440 697
440 707
440 714
440 805
440 920
440 927
441 524
441 582
441 621
441 697
441 778
441 866
441 974
442 457
442 544
442 715
442 747
442 770
442 822
442 842
442 852
442 924
442 936
443 471
443 649
443 656
443 662
443 714
443 745
443 905
443 950
444 538
444 618
444 620
444 621
444 661
444 679
444 693
444 804
444 836
444 845
444 860
444 890
444 919
444 966
445 459
445 529
445 534
445 647
445 682
445 702
445 705
445 736
445 748
445 781
445 863
446 535
446 550
446 629
446 638
446 639
446 682
446 702
446 792
446 839
446 846
446 874
446 934
446 945
446 969
446 979
447 471
447 573
447 575
447 580
447 620
447 635
447 710
447 775
447 835
447 847
447 897
447 914
447 979
448 498
448 548
448 587
448 590
448 701
448 765
448 810
448 862
448 875
448 889
448 894
448 945
448 959
448 981
448 998
449 510
449 645
449 667
449 789
449 802
449 826
449 856
449 906
449 909
449 927
450 462
450 514
450 522
450 614
450 625
450 626
450 701
450 708
450 736
450 764
450 891
450 973
451 475
451 591
451 655
451 696
451 704
451 727
451 755
451 785
451 792
451 861
451 886
451 962
452 463
452 464
452 666
452 689
452 751
452 864
452 951
452 980
453 466
453 480
453 508
453 509
453 538
453 590
453 652
453 661
453 849
453 911
453 976
454 511
454 525
454 579
454 608
454 679
454 680
454 709
454 722
454 760
454 772
454 784
454 788
454 821
455 463
455 552
455 592
455 639
455 763
455 764
455 782
455 859
455 961
456 480
456 503
456 552
456 566
456 576
456 580
456 640
456 649
456 657
456 665
456 692
456 711
456 765
456 835
456 895
456 906
456 948
456 966
457 474
457 479
457 519
457 710
457 775
457 804
457 815
457 889
457 891
458 492
458 662
458 708
458 759
458 832
458 835
458 839
458 852
458 863
458 945
458 959
459 463
459 466
459 481
459 643
459 682
459 700
459 830
459 841
459 943
459 952
459 965
459 988
460 464
460 530
460 555
460 589
460 597
460 674
460 688
460 767
460 946
460 952
460 973
460 978
461 465
461 551
461 570
461 608
461 687
461 746
461 855
461 897
461 920
461 976
462 483
462 513
462 553
462 569
462 650
462 673
462 692
462 732
462 750
462 819
462 858
462 859
462 878
462 939
462 983
462 988
463 464
463 521
463 530
463 565
463 592
463 621
463 721
463 722
463 771
463 786
463 799
463 877
463 878
463 958
464 471
464 573
464 649
464 662
464 738
464 774
464 778
464 797
464 927
464 952
464 960
465 477
465 532
465 602
465 618
465 687
465 749
465 765
466 544
466 570
466 627
466 690
466 719
466 736
466 767
466 902
467 499
467 532
467 534
467 591
467 635
467 637
467 648
467 730
467 733
467 756
467 853
467 890
467 892
467 902
467 938
468 479
468 491
468 497
468 575
468 653
468 726
468 728
468 748
468 796
468 907
468 929
468 943
469 497
469 576
469 644
469 652
469 664
469 673
469 703
469 755
469 850
469 930
469 931
470 645
470 778
470 779
470 827
470 844
471 509
471 633
471 692
471 694
471 723
471 805
471 884
471 890
471 906
471 956
471 991
472 499
472 505
472 546
472 610
472 642
472 696
472 708
472 752
472 904
472 941
472 997
473 523
473 550
473 598
473 759
473 789
473 802
473 819
473 838
473 888
473 901
473 938
474 569
474 648
474 663
474 688
474 733
474 745
474 805
474 905
474 907
475 686
475 738
475 740
475 755
475 782
475 786
475 831
475 849
475 913
475 942
475 980
476 486
476 491
476 541
476 573
476 594
476 692
476 707
476 872
477 527
477 595
477 599
477 636
477 741
477 751
477 922
478 507
478 521
478 526
478 566
478 571
478 594
478 615
478 670
478 818
478 846
479 578
479 617
479 628
479 629
479 673
479 722
479 725
479 772
479 887
480 489
480 497
480 550
480 607
480 628
480 702
480 721
480 744
480 824
480 844
480 855
480 898
480 984
481 496
481 583
481 584
481 590
481 617
481 715
481 780
481 783
481 810
481 820
481 907
481 910
481 918
481 961
481 975
481 987
482 602
482 612
482 864
482 875
482 919
482 943
482 959
482 989
483 507
483 537
483 594
483 613
483 629
483 818
483 839
483 868
483 929
483 972
484 488
484 548
484 571
484 681
484 695
484 696
484 712
484 718
484 801
484 852
484 908
485 501
485 517
485 563
485 568
485 606
485 757
485 838
485 861
485 886
485 921
485 930
485 961
486 540
486 687
486 737
486 747
486 757
486 798
486 920
487 741
487 751
487 757
487 760
487 873
487 922
487 954
487 978
488 522
488 589
488 604
488 710
488 769
488 982
488 983
489 501
489 520
489 526
489 631
489 635
489 752
489 863
489 904
489 944
489 997
490 550
490 552
490 581
490 618
490 624
490 730
490 746
490 757
490 792
490 811
490 854
490 875
490 900
490 923
490 928
490 989
491 538
491 539
491 543
491 557
491 575
491 666
491 819
491 836
491 841
491 864
491 908
492 499
492 532
492 551
492 572
492 583
492 625
492 672
492 675
492 676
492 802
492 803
492 833
492 959
492 968
493 506
493 526
493 626
493 665
493 709
493 792
493 871
493 907
493 977
494 510
494 533
494 651
494 667
494 916
494 973
495 511
495 588
495 608
495 635
495 681
495 784
495 797
495 915
495 920
495 963
495 974
496 503
496 518
496 582
496 596
496 602
496 681
496 710
496 711
496 806
496 859
496 871
496 902
496 979
497 507
497 567
497 654
497 674
497 746
497 851
497 860
497 902
497 930
497 985
498 518
498 536
498 542
498 582
498 616
498 686
498 814
498 824
498 881
498 883
499 522
499 567
499 597
499 675
499 689
499 704
499 721
499 744
499 755
499 828
499 858
499 885
499 961
499 974
500 578
500 642
500 649
500 685
500 696
500 764
500 846
501 511
501 539
501 584
501 589
501 593
501 618
501 753
501 814
501 820
501 823
501 842
502 563
502 602
502 612
502 647
502 654
502 758
502 759
502 793
502 811
502 834
502 908
502 947
502 960
503 527
503 577
503 609
503 626
503 639
503 723
503 735
503 755
503 782
503 791
503 840
503 910
503 932
503 951
504 591
504 594
504 693
504 719
504 774
504 796
504 824
504 840
504 856
504 876
504 992
505 606
505 644
505 706
505 726
505 773
505 779
505 848
505 851
505 857
505 862
505 863
505 874
505 913
505 936
505 947
505 976
505 990
506 515
506 591
506 649
506 683
506 687
506 801
506 812
507 533
507 568
507 584
507 684
507 688
507 715
507 751
507 960
508 529
508 551
508 693
508 699
508 727
508 732
508 738
508 828
508 881
508 886
508 909
508 993
509 527
509 532
509 584
509 617
509 635
509 675
509 677
509 690
509 734
509 739
509 780
509 840
509 857
509 886
509 901
509 908
509 983
510 716
510 732
510 769
510 805
510 829
510 880
510 932
510 946
510 997
511 596
511 662
511 876
511 953
512 535
512 657
512 813
512 890
512 895
512 910
512 918
513 658
513 887
513 910
513 967
513 970
514 524
514 531
514 582
514 677
514 723
514 869
514 948
515 530
515 539
515 646
515 653
515 678
515 687
515 837
515 848
515 867
516 519
516 542
516 553
516 606
516 617
516 625
516 629
516 645
516 691
516 759
516 760
516 773
516 832
516 861
516 885
516 922
516 943
516 964
516 975
516 979
516 981
517 532
517 551
517 608
517 660
517 680
517 779
518 524
518 528
518 547
518 637
518 727
518 767
518 789
518 845
518 989
518 996
519 548
519 638
519 654
519 684
519 718
519 747
519 825
519 837
519 839
519 971
520 583
520 745
520 753
520 804
520 846
520 879
520 937
520 967
521 553
521 577
521 634
521 642
521 730
521 747
521 896
522 528
522 590
522 660
522 683
522 800
522 829
522 839
522 897
522 904
522 908
522 924
522 939
522 976
523 526
523 555
523 580
523 622
523 672
523 737
523 842
523 867
523 901
523 965
524 526
524 583
524 657
524 677
524 720
524 798
524 813
524 821
524 853
524 885
524 903
525 570
525 594
525 639
525 664
525 743
526 527
526 546
526 578
526 596
526 599
526 612
526 765
526 786
526 864
526 866
526 926
527 668
527 721
527 741
527 798
527 849
527 857
527 888
527 928
527 959
527 982
528 591
528 700
528 757
528 937
528 955
529 571
529 574
529 604
529 609
529 704
529 706
529 818
529 878
529 897
529 925
529 939
529 944
529 972
529 995
530 580
530 650
530 654
530 682
530 754
530 765
530 812
530 940
530 968
531 675
531 750
531 771
531 803
531 859
531 870
531 897
531 928
531 940
531 957
531 981
532 558
532 626
532 741
532 874
532 950
533 558
533 697
533 705
533 762
533 802
533 843
533 863
533 960
534 567
534 624
534 645
534 749
534 785
534 969
535 588
535 610
535 739
535 801
535 803
535 824
535 852
535 881
535 928
536 556
536 577
536 613
536 728
536 864
536 914
537 548
537 549
537 555
537 582
537 591
537 619
537 634
537 672
537 743
537 794
537 816
537 837
537 887
537 916
538 569
538 642
538 669
538 698
538 708
538 722
538 724
538 752
538 830
538 840
538 866
538 875
538 918
538 943
539 576
539 586
539 597
539 617
539 626
539 764
539 782
539 795
539 825
539 852
539 904
539 916
539 933
539 948
539 983
540 577
540 603
540 717
540 733
540 743
540 746
541 605
541 668
541 685
541 701
541 845
541 872
541 887
541 894
541 930
541 981
541 996
542 650
542 653
542 727
542 787
542 799
542 807
542 820
542 866
542 934
543 564
543 566
543 582
543 679
543 683
543 730
543 786
543 896
544 554
544 580
544 799
544 827
544 935
544 954
544 984
544 994
545 549
545 554
545 596
545 733
545 765
545 800
545 876
545 933
545 989
546 559
546 616
546 636
546 757
546 793
546 794
546 800
546 831
546 929
547 587
547 672
547 885
548 581
548 588
548 614
548 625
548 816
548 865
548 926
549 862
549 912
550 555
550 619
550 657
550 720
550 739
550 771
550 975
550 995
551 571
551 644
551 655
551 675
551 677
551 745
551 904
551 914
551 993
552 560
552 586
552 663
552 687
552 731
552 738
552 803
552 805
552 867
552 877
552 912
552 917
552 986
553 580
553 627
553 671
553 676
553 758
553 822
553 852
553 857
553 918
553 946
554 638
554 696
554 722
554 726
554 811
554 874
554 931
554 955
554 957
554 976
555 578
555 594
555 648
555 650
555 663
555 774
555 887
555 897
556 586
556 602
556 627
556 713
556 796
556 821
556 858
556 934
556 951
556 952
556 956
556 962
557 586
557 594
557 614
557 734
557 766
557 793
557 813
557 883
557 934
557 946
557 947
557 960
558 589
558 655
558 725
558 730
558 741
558 742
558 780
558 802
558 813
558 946
558 959
559 569
559 593
559 615
559 772
559 860
559 878
559 897
559 988
560 561
560 710
560 731
560 741
560 751
560 769
560 906
560 949
561 575
561 585
561 586
561 598
561 622
561 652
561 662
561 689
561 736
561 779
561 805
561 829
561 856
561 880
561 891
561 914
561 922
561 963
561 984
562 686
562 766
562 770
562 799
562 818
563 566
563 675
563 701
563 709
563 793
563 943
563 957
563 972
563 994
564 625
564 725
564 822
564 828
564 833
564 852
564 878
564 886
564 977
564 990
565 595
565 596
565 709
565 711
565 769
565 797
565 851
565 890
565 893
565 910
565 940
566 600
566 615
566 652
566 664
566 721
566 753
566 852
566 974
566 994
567 578
567 696
567 716
567 769
567 799
567 869
567 879
567 932
567 989
568 607
568 689
568 704
568 775
568 851
568 854
568 857
568 861
568 962
569 571
569 661
569 662
569 679
569 724
569 770
569 801
569 862
569 878
569 887
569 941
569 969
569 993
570 650
570 693
570 789
570 826
570 962
571 711
571 864
571 929
572 672
572 689
572 819
572 854
572 890
572 894
572 965
572 980
573 603
573 693
573 757
573 779
573 781
573 828
573 840
573 851
573 884
573 977
574 587
574 681
574 704
574 883
574 909
575 623
575 625
575 723
575 795
575 870
575 905
575 938
576 586
576 588
576 717
576 752
576 829
576 837
576 900
576 929
576 999
577 592
577 621
577 667
577 795
577 872
577 877
578 590
578 593
578 667
578 693
578 729
578 787
578 809
578 865
578 882
579 644
579 726
579 745
579 767
579 775
579 790
579 813
579 816
579 847
579 894
579 937
580 592
580 645
580 660
580 670
580 693
580 727
580 778
580 808
580 822
580 860
580 917
580 947
580 957
580 960
580 977
580 985
580 994
581 590
581 605
581 627
581 643
581 815
581 896
581 934
581 966
582 600
582 606
582 614
582 617
582 718
582 734
582 755
582 785
582 790
582 922
582 960
582 998
583 609
583 651
583 832
583 841
583 876
583 882
583 956
583 957
584 648
584 658
584 711
584 745
584 768
584 804
584 828
585 671
585 732
585 740
585 840
585 961
586 622
586 668
586 677
586 811
586 836
586 847
586 993
586 999
587 771
587 805
587 810
587 895
587 989
588 592
588 593
588 662
588 728
588 892
588 900
588 964
588 982
589 617
589 633
589 689
589 830
589 841
589 895
589 949
589 978
590 623
590 787
590 835
590 861
590 902
590 910
591 646
591 673
591 690
591 706
591 771
591 815
591 913
591 919
592 650
592 663
592 731
592 741
592 840
592 937
592 954
593 733
593 773
593 824
593 935
594 715
594 903
594 973
594 981
594 988
594 989
594 994
595 732
595 740
595 769
595 789
595 809
595 873
595 880
595 885
595 886
595 894
596 619
596 641
596 713
596 788
596 808
596 826
597 717
597 772
597 835
597 884
597 989
598 665
599 612
599 625
599 630
599 716
599 749
599 766
599 814
599 840
599 896
599 900
599 914
599 923
599 975
600 625
600 632
600 652
600 655
600 694
600 720
600 729
600 739
600 798
601 692
601 812
601 814
601 881
601 950
601 956
601 976
602 665
602 685
602 783
602 845
602 891
602 997
603 614
603 615
603 646
603 670
603 757
603 782
603 785
603 795
603 801
603 805
603 961
604 685
604 791
604 804
604 811
605 639
605 649
605 658
605 701
605 749
605 836
605 845
605 888
605 891
605 977
606 608
606 702
606 706
606 729
606 759
606 835
606 852
606 853
606 928
606 939
606 944
607 610
607 655
607 662
607 679
607 710
607 714
607 765
607 869
607 898
607 900
607 934
607 977
608 655
608 684
608 718
608 773
608 832
608 862
608 866
608 913
608 929
608 945
608 948
609 637
609 643
609 686
609 738
609 741
609 902
609 918
610 698
610 718
610 781
610 864
610 889
610 920
610 941
610 969
611 710
611 723
611 747
611 817
611 841
611 843
611 860
611 867
611 873
611 894
611 915
611 916
611 922
612 641
612 661
612 694
612 723
612 727
612 734
612 770
612 910
612 975
613 646
613 648
613 765
613 784
613 866
613 880
613 896
613 941
614 623
614 641
614 709
614 791
614 927
614 956
614 979
614 983
615 617
615 642
615 702
615 716
615 826
615 858
615 903
615 948
615 967
616 625
616 742
616 746
616 748
616 836
616 993
616 998
617 681
617 689
617 699
617 766
617 781
618 630
618 665
618 684
618 724
618 781
618 825
618 926
618 929
618 962
618 977
618 989
619 634
619 681
619 753
619 758
619 788
619 799
619 833
619 855
619 956
620 652
620 663
620 922
620 946
621 627
621 638
621 692
621 766
621 771
621 778
621 840
621 842
621 850
621 860
621 890
622 778
622 897
623 668
623 740
623 767
623 788
623 799
623 900
623 975
624 688
624 695
624 728
624 916
624 988
625 663
625 808
625 955
625 959
626 627
626 660
626 911
627 677
627 695
627 757
627 765
627 889
627 920
627 938
627 961
627 988
628 629
628 709
628 713
628 720
628 766
628 842
628 888
629 694
629 761
629 784
629 940
629 974
629 979
630 653
630 656
630 666
630 792
630 830
630 882
630 923
630 937
630 944
630 964
630 981
630 988
630 995
631 633
631 646
631 672
631 838
631 840
631 841
631 884
631 911
631 940
632 641
632 695
632 749
632 810
632 830
632 886
632 975
633 634
633 689
633 726
633 727
633 751
633 763
633 814
633 833
633 934
633 942
633 982
633 984
634 640
634 659
634 695
634 707
634 804
634 909
634 994
635 727
635 779
635 831
635 864
635 928
635 988
636 679
636 698
636 705
636 729
636 810
636 934
636 951
637 661
637 686
637 734
637 812
637 854
637 873
637 916
637 980
637 998
638 644
638 733
638 775
638 800
638 863
638 901
638 911
638 945
638 958
638 972
639 662
639 736
639 757
639 759
639 780
639 783
639 797
639 874
639 991
640 647
640 667
640 669
640 918
641 692
641 759
641 860
641 867
641 947
641 950
641 969
642 763
642 856
642 892
642 944
642 968
642 986
643 800
644 779
644 856
644 865
644 881
645 694
645 741
645 759
645 784
645 837
645 842
645 848
645 874
645 881
645 888
645 945
646 678
646 745
646 804
646 987
647 666
647 752
647 769
647 840
647 878
647 914
647 989
648 679
648 741
648 845
648 925
648 978
649 686
649 754
649 862
650 653
650 695
650 714
650 738
650 786
650 789
650 825
650 891
650 892
650 916
650 959
651 692
651 704
651 795
651 980
652 679
652 800
652 802
652 883
652 898
653 690
653 756
653 786
653 884
653 911
653 927
653 931
653 991
654 664
654 696
654 730
654 749
654 754
654 791
654 853
654 879
654 900
654 917
654 925
654 938
655 689
655 822
655 826
655 872
655 920
655 987
656 662
656 673
656 679
656 730
656 736
656 808
656 866
656 868
656 903
656 906
656 966
656 971
657 725
657 736
657 826
657 887
657 900
658 769
658 919
658 927
659 687
659 784
659 821
659 903
659 961
659 967
660 720
660 746
660 776
660 848
660 873
660 880
660 886
660 956
661 702
661 712
661 734
661 780
661 784
661 790
661 828
661 867
661 890
661 962
661 970
662 665
662 687
662 711
662 730
662 838
662 839
662 868
662 871
662 935
662 943
662 975
663 721
663 722
663 723
663 750
663 765
663 840
663 850
663 864
663 870
663 908
663 940
663 958
663 971
663 987
664 668
664 690
664 704
664 736
664 815
664 818
664 993
665 722
665 761
665 800
665 890
665 971
665 977
665 981
666 883
666 893
666 896
666 932
667 677
667 747
667 762
667 831
667 892
667 903
667 915
667 955
667 962
668 692
668 710
668 719
668 764
668 813
668 815
668 886
668 917
668 923
668 976
668 986
669 736
669 775
669 894
669 996
670 797
670 807
670 820
671 740
671 968
671 969
672 748
672 761
672 791
672 825
672 832
672 843
672 972
672 979
672 989
672 998
673 688
673 757
673 763
673 780
673 843
673 844
673 958
673 964
674 753
674 858
674 945
674 977
675 718
675 744
675 767
675 876
675 922
675 924
675 931
675 934
675 966
676 841
676 922
676 987
677 695
677 798
677 856
678 751
678 770
678 795
678 818
678 862
678 933
678 977
679 680
679 682
679 729
679 747
679 781
679 988
680 691
680 715
680 792
680 855
680 920
680 934
681 692
681 772
681 851
681 854
681 868
681 937
681 939
681 958
682 695
682 700
682 703
682 813
682 838
682 893
683 714
683 852
683 869
683 889
683 894
683 897
683 898
683 909
684 704
684 774
684 807
684 821
684 855
684 904
685 718
685 724
685 831
685 857
685 953
686 803
686 835
686 838
686 935
686 957
686 973
687 824
687 901
687 917
687 920
687 944
687 949
688 703
688 823
688 835
688 861
688 910
688 922
688 987
689 776
689 914
690 733
690 792
690 794
690 978
691 739
691 879
691 883
692 703
692 704
692 750
692 846
692 921
692 937
693 705
693 872
693 886
694 719
694 742
694 823
694 877
694 888
694 945
695 815
695 855
695 997
695 999
696 703
696 785
696 808
696 814
696 869
696 904
696 963
696 972
696 985
697 706
697 723
697 741
697 886
697 929
697 975
698 780
698 782
698 815
698 869
698 935
698 942
698 980
699 793
699 847
699 943
699 987
700 714
700 836
700 894
700 921
700 931
700 996
701 711
701 728
701 757
701 817
701 844
701 896
701 916
702 704
702 789
702 846
702 875
702 996
703 708
703 841
703 842
703 882
703 936
704 721
704 769
704 959
705 819
705 829
705 945
706 721
706 795
706 809
706 835
706 859
706 910
706 924
706 953
707 737
707 782
707 893
707 912
707 921
707 924
707 990
708 712
708 715
708 766
708 768
708 769
708 780
708 870
708 912
709 747
709 750
709 784
709 859
709 922
709 925
710 820
710 882
710 887
710 953
710 976
710 988
711 735
711 745
711 798
711 878
711 881
711 882
711 900
712 738
712 808
712 929
712 942
712 946
712 960
713 774
713 874
713 877
713 882
713 891
713 928
714 730
714 885
714 998
715 755
715 758
715 813
715 835
715 965
716 726
716 803
716 849
716 855
716 879
716 987
716 989
717 788
717 899
717 922
717 946
717 988
717 999
718 827
718 901
718 950
719 724
719 758
719 811
719 874
719 883
719 916
719 946
719 959
719 980
720 808
720 846
720 898
720 927
720 975
720 985
721 787
721 795
721 814
721 837
721 901
721 950
722 788
722 856
722 857
722 888
722 896
722 961
723 745
723 793
723 849
723 855
723 857
723 867
723 887
723 891
723 933
723 942
723 976
724 826
724 882
724 937
724 946
724 956
724 971
724 974
725 767
725 788
725 805
725 843
725 895
725 965
726 785
726 866
726 876
726 882
726 924
726 932
726 976
727 806
727 810
727 818
727 841
727 913
728 750
728 801
728 818
728 822
728 842
728 920
729 736
729 757
729 865
729 898
729 950
729 971
730 841
730 925
730 940
730 951
730 981
730 984
730 997
731 749
731 753
731 934
732 759
732 829
733 745
733 820
733 825
733 898
733 949
733 955
734 759
734 809
734 953
734 977
735 764
735 794
735 952
736 818
736 851
737 764
737 823
737 916
737 934
737 948
738 746
738 757
739 757
739 847
739 852
739 908
739 935
740 742
740 813
740 851
740 868
740 906
740 953
740 964
741 759
741 812
741 823
741 839
741 880
741 913
741 923
741 987
741 989
742 768
742 825
742 830
742 850
742 876
742 932
742 996
743 806
743 894
743 941
743 992
744 777
744 792
744 802
744 844
744 862
744 931
744 973
745 830
745 839
745 854
745 862
745 868
745 878
745 895
745 904
745 922
746 799
746 851
746 853
746 885
746 914
746 963
746 979
746 990
747 762
747 799
747 895
747 935
747 952
748 886
748 918
748 933
748 973
749 893
750 799
750 912
751 795
751 860
752 811
752 839
752 884
752 932
753 991
753 999
754 761
754 768
754 801
754 809
754 855
754 860
754 899
754 945
755 795
755 796
755 996
756 766
756 771
756 793
756 831
756 850
756 858
756 890
756 902
756 912
757 828
757 835
757 840
757 848
757 850
757 870
758 793
758 902
758 998
759 780
759 795
759 842
759 858
759 904
759 925
760 776
760 813
760 897
760 936
760 972
761 764
761 787
761 791
761 809
761 841
761 864
761 872
761 894
762 814
762 825
762 828
762 839
762 906
762 947
763 866
763 893
763 897
763 930
763 952
764 791
764 845
764 872
764 875
764 909
765 838
765 845
765 862
765 868
765 898
765 941
765 976
766 815
766 869
766 951
766 961
767 790
767 793
767 909
767 929
767 981
768 811
768 812
768 864
768 937
768 979
768 983
769 789
769 802
769 877
769 967
770 865
770 888
771 788
771 800
771 801
771 806
771 830
771 932
771 933
772 796
772 897
772 900
772 913
774 821
774 835
774 918
774 943
774 981
775 782
775 852
775 870
775 968
776 779
776 786
776 813
776 859
776 895
776 959
777 817
777 825
777 912
778 812
778 834
778 865
778 894
779 786
779 787
779 824
779 856
779 883
780 812
780 881
780 920
780 934
780 935
780 971
780 988
781 812
781 857
781 986
782 885
782 889
782 916
782 933
782 944
782 964
782 978
782 987
783 793
783 936
783 941
783 962
783 986
784 847
785 822
785 923
785 965
785 998
786 822
786 881
786 929
786 995
787 995
788 812
788 997
788 998
789 811
789 903
789 911
789 945
790 920
790 984
790 985
791 810
791 994
792 809
792 906
792 946
793 851
793 858
793 890
793 902
794 892
794 943
795 808
795 920
796 797
796 816
796 822
796 881
796 928
797 806
797 817
797 922
797 937
797 940
798 815
798 817
798 914
798 941
799 894
799 924
799 990
800 975
801 846
801 872
801 879
801 926
802 903
802 917
803 813
803 879
803 961
804 857
804 893
804 906
804 995
805 814
805 819
805 848
805 871
805 896
805 929
805 991
806 905
806 912
807 848
807 859
807 936
808 828
808 944
808 960
808 987
809 876
809 929
810 821
810 838
810 935
811 857
811 861
811 920
811 924
811 931
811 992
811 995
812 925
812 936
813 903
813 956
813 962
813 969
814 837
814 878
814 931
814 998
815 843
815 884
815 932
816 888
816 889
816 908
816 957
816 975
816 976
816 993
817 901
817 937
817 953
817 967
817 993
819 889
819 920
819 948
819 967
820 842
820 872
821 905
822 855
823 852
823 946
823 969
823 992
824 840
824 870
824 890
824 933
825 980
825 989
825 994
826 849
827 912
827 918
827 951
828 901
828 933
829 980
830 836
830 864
830 900
831 868
832 879
832 880
832 979
833 886
833 951
833 976
834 915
834 961
834 962
835 898
835 922
835 945
836 986
837 879
837 920
838 877
838 971
839 843
839 944
839 994
839 996
840 859
840 956
840 983
840 985
841 853
841 892
841 897
841 940
841 957
841 995
842 843
842 864
842 875
842 906
842 962
843 915
844 883
844 887
844 970
845 873
845 950
845 997
846 887
846 901
846 930
846 946
846 973
846 976
847 865
847 868
847 923
847 993
848 884
848 919
849 917
849 932
849 963
850 864
850 899
850 910
850 970
852 870
852 871
852 877
852 890
852 919
852 985
852 992
853 875
853 915
853 948
853 981
854 898
854 960
855 911
855 986
856 883
856 942
856 957
856 974
857 864
857 898
857 936
857 944
857 953
857 987
857 994
857 995
859 994
860 906
860 916
861 897
861 909
861 930
861 935
861 952
862 874
862 882
862 883
863 915
863 935
864 876
864 900
864 953
864 962
865 892
865 924
865 931
865 956
866 884
866 908
866 928
866 950
866 958
867 899
867 912
867 914
867 918
867 938
868 896
868 964
868 996
869 880
869 889
869 941
870 893
870 916
870 943
870 952
870 997
871 932
872 922
872 947
872 997
873 987
873 993
874 937
874 950
874 985
875 926
876 887
876 998
877 960
877 999
878 902
878 936
878 980
879 893
879 905
879 911
879 918
880 936
880 951
881 899
881 969
882 948
882 991
883 962
883 974
884 959
884 972
885 956
885 983
886 905
886 951
886 983
887 924
887 940
887 950
888 949
888 965
889 898
889 902
889 912
889 931
889 945
889 973
889 992
890 900
890 918
890 972
891 904
892 917
892 919
892 950
892 975
893 920
893 971
894 898
894 924
894 972
894 979
895 898
896 944
896 959
897 908
898 918
898 954
898 983
899 908
899 940
900 937
901 918
901 957
901 975
901 977
901 987
902 903
902 941
903 910
905 925
905 988
906 928
906 983
907 924
907 985
908 933
908 947
909 911
909 914
910 990
911 944
911 953
913 928
913 961
913 963
914 924
914 965
916 938
916 954
916 964
917 936
917 947
917 980
918 957
918 962
918 964
918 966
919 990
920 965
921 968
921 995
922 938
922 956
923 935
924 935
924 966
926 953
927 980
927 983
929 980
930 936
930 968
931 959
934 963
935 961
935 967
936 951
936 989
937 941
938 940
938 951
938 987
941 951
941 999
942 993
946 949
946 961
946 999
949 991
950 966
951 983
951 998
952 985
953 956
953 971
953 974
953 979
954 965
954 982
955 970
957 958
963 977
963 983
964 968
964 981
964 999
965 968
965 992
967 993
970 987
972 996
974 994
976 988
982 990
983 995
997 999
