0 15
0 249
0 266
0 279
0 296
0 316
0 335
1 15
1 29
1 105
1 121
1 159
1 180
1 195
1 222
1 225
1 230
1 371
1 377
1 406
2 26
2 41
2 48
2 144
2 197
2 203
2 209
2 292
2 366
2 374
2 418
3 4
3 39
3 188
3 193
3 197
3 218
3 233
3 251
3 259
3 280
3 282
3 308
3 325
3 359
3 391
4 72
4 73
4 90
4 132
4 159
4 214
4 238
4 261
4 293
4 415
5 35
5 78
5 213
5 324
5 360
6 71
6 172
6 215
6 223
6 283
6 353
6 388
6 435
7 15
7 17
7 33
7 116
7 248
7 263
7 265
7 304
7 324
7 397
7 431
8 44
8 193
8 287
8 310
8 312
8 324
8 347
8 408
8 435
9 12
9 32
9 56
9 68
9 90
9 114
9 124
9 175
9 208
9 216
9 225
9 242
9 271
9 365
9 380
9 386
9 399
10 116
10 125
10 168
10 275
10 363
10 427
11 28
11 66
11 185
11 186
11 199
11 243
11 247
11 267
11 297
11 377
12 19
12 48
12 49
12 65
12 206
12 220
12 273
12 354
12 371
12 376
12 392
12 425
12 444
13 55
13 95
13 98
13 212
13 238
13 297
13 385
13 422
13 423
13 431
14 16
14 28
14 54
14 75
14 220
14 227
14 230
14 292
14 308
14 344
14 357
14 412
15 30
15 43
15 52
15 75
15 115
15 166
15 205
15 384
15 400
15 421
16 40
16 75
16 97
16 121
16 213
16 227
16 321
16 340
16 376
16 416
16 429
16 445
17 56
17 61
17 127
17 257
17 264
17 300
17 309
17 381
18 72
18 99
18 121
18 129
18 176
18 179
18 180
18 210
18 255
18 275
19 111
19 133
19 156
19 213
19 244
19 282
19 284
20 83
20 201
20 202
20 300
20 321
20 329
20 355
20 404
21 40
21 97
21 209
21 367
22 142
22 214
22 241
22 257
22 276
22 290
22 319
23 49
23 87
23 128
23 172
23 227
23 349
23 353
23 398
24 31
24 70
24 98
24 133
24 170
24 188
24 210
24 233
24 260
24 263
25 188
25 194
25 225
25 256
25 289
25 406
25 413
25 420
26 43
26 56
26 59
26 75
26 80
26 194
26 238
26 381
26 432
27 67
27 68
27 144
27 147
27 333
28 67
28 160
28 198
28 260
28 266
28 277
28 357
28 438
29 88
29 151
29 424
29 431
30 39
30 64
30 182
30 188
30 389
31 49
31 114
31 157
31 161
31 194
31 231
31 338
31 385
32 35
32 57
32 64
32 161
32 202
32 235
33 35
33 49
33 226
33 259
33 368
34 103
34 189
34 193
34 297
34 349
35 111
35 170
35 193
35 222
35 301
35 395
35 399
35 402
35 432
36 88
36 139
36 177
36 219
36 228
36 288
36 424
37 92
37 159
37 171
37 183
37 248
37 259
37 273
37 281
37 295
37 360
38 151
38 173
38 186
38 264
38 322
38 364
38 402
38 405
38 430
39 40
39 82
39 141
39 248
39 305
39 314
39 327
39 357
39 442
40 121
40 137
40 156
40 161
40 292
41 42
41 64
41 149
41 187
41 234
41 274
41 347
41 425
42 55
42 75
42 99
42 126
42 180
42 269
42 330
42 350
42 359
42 402
42 421
43 74
43 100
43 118
43 122
43 128
43 135
43 302
43 336
43 387
44 135
44 358
44 362
44 382
44 415
44 418
44 441
45 60
45 141
45 163
45 262
45 279
45 378
45 445
46 103
46 182
46 228
46 312
46 316
46 350
46 421
46 426
47 74
47 133
47 186
47 199
47 277
47 354
48 66
48 134
48 182
48 221
48 242
48 278
48 287
48 393
49 52
49 75
49 150
49 157
49 236
49 251
49 312
49 335
49 368
49 391
49 395
50 70
50 91
50 224
50 344
50 350
50 351
50 434
51 67
51 198
51 211
51 233
51 236
51 361
51 395
51 417
52 117
52 143
52 225
52 289
52 332
52 353
52 357
52 404
53 85
53 318
53 322
53 331
53 332
53 359
53 380
54 68
54 96
54 112
54 140
54 182
54 230
54 287
54 309
54 329
54 332
54 338
54 360
54 419
55 73
55 188
55 257
55 284
55 285
55 301
55 310
55 323
55 360
55 371
56 66
56 257
56 284
56 338
56 376
57 106
57 122
57 144
57 155
57 176
57 389
57 409
57 436
58 165
58 303
58 367
58 398
59 80
59 107
59 240
59 363
59 388
59 435
60 81
60 110
60 131
60 183
60 202
60 205
60 241
60 274
60 288
60 344
60 426
61 272
61 285
61 289
61 317
61 320
61 382
61 411
61 424
62 93
62 102
62 114
62 118
62 138
62 159
62 165
62 212
62 225
62 373
63 75
63 207
63 249
63 281
63 293
63 327
63 337
63 402
63 424
63 439
64 161
64 209
64 223
64 241
64 264
64 302
64 309
64 339
64 352
64 380
64 417
64 435
65 108
65 125
65 169
65 176
65 288
65 296
65 299
65 368
66 236
66 242
66 270
66 296
66 392
66 442
67 98
67 134
67 174
67 180
67 217
67 260
67 292
67 305
67 438
67 440
68 109
68 179
68 292
68 311
68 334
68 398
69 99
69 202
69 245
69 247
69 368
69 394
69 420
69 441
70 79
70 94
70 179
70 213
70 222
70 285
70 298
70 340
70 344
70 374
70 423
71 86
71 110
71 190
71 272
71 279
71 327
71 346
71 387
72 130
72 158
72 213
72 360
72 380
73 81
73 129
73 149
73 150
73 152
73 183
73 196
73 199
73 204
73 211
73 217
73 386
73 388
74 89
74 104
74 154
74 190
74 220
74 255
74 374
74 405
74 408
74 412
74 425
75 253
75 259
75 319
75 337
75 378
75 426
75 437
76 110
76 164
76 225
76 258
76 265
76 313
76 394
77 108
77 112
77 150
77 159
77 190
77 234
77 292
77 400
78 263
78 281
78 333
78 358
78 438
79 228
79 242
79 246
79 278
79 428
79 437
80 83
80 84
80 115
80 148
80 185
80 209
80 240
80 314
80 323
80 332
80 352
80 404
80 440
81 406
81 417
81 423
82 258
82 348
82 405
83 145
83 175
83 245
83 256
83 320
83 377
84 170
84 180
84 261
84 366
84 393
84 396
85 157
85 164
85 219
85 272
85 292
85 353
85 399
85 427
86 248
86 327
86 344
86 377
87 100
87 171
87 179
87 275
87 325
87 329
87 388
88 133
88 196
88 206
88 285
88 290
88 343
88 345
88 347
88 410
89 129
89 168
89 199
89 297
89 381
90 112
90 127
90 196
91 104
91 134
91 140
91 251
91 267
91 275
91 375
92 182
92 228
92 246
92 303
92 305
93 114
93 157
93 193
93 219
93 239
93 253
93 432
94 137
94 140
94 217
94 269
94 272
94 336
94 385
94 441
95 104
95 115
95 133
95 137
95 202
95 218
95 251
95 288
95 304
95 308
95 339
95 342
95 371
95 419
95 440
96 116
96 132
96 178
96 282
96 349
96 369
96 386
97 197
97 216
97 239
97 312
97 346
98 113
98 230
98 294
98 351
99 146
99 187
99 257
99 311
99 415
100 159
100 182
100 205
101 138
101 142
101 198
101 237
101 264
101 291
101 302
101 347
101 349
101 355
101 399
102 236
102 324
102 371
103 119
103 126
103 142
103 283
103 301
103 352
103 355
103 362
103 372
103 434
104 137
104 194
104 205
104 275
104 323
104 336
104 389
105 143
105 268
105 271
105 289
105 348
105 369
105 380
105 444
106 118
106 119
106 147
106 153
106 169
106 214
106 227
106 255
106 288
106 289
106 314
106 331
106 432
107 180
107 231
107 289
107 328
107 369
107 376
107 406
108 240
108 242
108 254
108 269
108 415
109 131
109 261
109 334
109 336
109 343
110 246
110 338
110 374
110 421
111 133
111 163
111 198
111 204
111 229
111 300
111 362
111 365
111 376
111 415
112 239
112 297
112 330
112 333
112 362
112 372
112 423
112 426
112 444
113 126
113 128
113 138
113 146
113 154
113 264
113 273
113 322
113 384
113 413
113 419
113 434
113 443
114 147
114 156
114 161
114 179
114 190
114 397
114 425
114 441
115 116
115 164
115 225
115 268
115 325
115 389
116 184
116 229
116 237
116 239
116 271
116 336
116 359
116 377
116 378
116 385
116 443
117 137
117 175
117 213
117 214
117 287
117 323
117 344
117 366
117 378
117 393
117 394
118 346
119 136
119 143
119 151
119 187
119 233
119 326
119 328
119 408
120 144
120 145
120 156
120 184
120 351
120 380
120 405
120 423
120 436
121 260
121 280
121 315
121 337
121 437
121 438
122 162
122 202
122 206
122 246
122 267
122 319
122 347
122 350
122 400
122 419
122 425
123 152
123 204
123 336
124 253
124 316
124 366
124 396
124 417
124 435
125 156
125 162
125 175
125 207
125 332
125 421
126 143
126 281
126 289
126 297
126 315
127 216
127 251
127 288
127 295
127 386
127 392
127 427
127 428
128 153
128 209
128 246
128 247
128 273
128 297
128 339
128 346
128 385
128 444
129 211
129 240
129 346
130 205
130 272
130 299
130 370
131 151
131 155
131 182
131 215
131 218
131 318
131 410
131 436
131 444
132 148
132 203
132 218
132 259
133 165
133 300
133 314
133 349
133 354
133 378
133 414
133 438
133 444
134 210
134 279
135 145
135 227
135 292
135 313
135 339
135 399
135 443
136 146
136 153
136 207
136 372
136 399
137 173
137 252
137 282
137 319
137 366
137 403
138 256
138 309
138 348
138 368
139 194
139 243
139 380
139 400
140 169
140 338
140 354
140 355
141 237
141 323
141 343
141 366
142 164
142 244
142 254
142 306
142 310
142 423
143 165
143 195
143 256
143 257
143 317
143 319
143 328
143 354
144 258
144 261
144 275
144 348
144 412
145 181
145 230
145 275
145 286
145 335
146 205
146 239
146 345
146 429
147 170
147 184
147 187
147 318
147 339
147 371
147 413
148 149
148 246
148 339
148 410
148 426
148 440
148 446
149 185
149 289
149 305
149 308
149 330
149 418
149 419
149 443
150 164
150 166
150 195
150 270
150 296
150 353
150 368
150 394
150 397
150 422
151 169
151 187
151 216
151 232
151 299
151 301
151 323
151 350
151 424
151 440
152 153
152 246
152 288
152 293
152 394
152 427
153 221
153 316
153 340
153 384
154 245
154 280
154 324
154 411
154 412
154 444
155 325
155 363
155 371
155 373
155 393
155 439
155 446
156 181
156 195
156 233
156 297
156 305
157 181
157 218
157 351
157 355
157 375
157 431
158 178
158 188
158 211
158 215
158 268
158 280
158 323
158 324
158 336
159 185
159 194
159 248
159 331
159 392
159 393
159 401
159 420
160 213
160 301
160 343
160 348
160 362
160 407
161 171
161 210
161 231
161 378
161 407
161 417
162 249
162 312
162 386
162 393
163 230
163 409
163 411
164 168
164 176
164 204
164 263
164 291
164 346
164 357
164 408
164 427
164 437
164 442
165 274
165 280
166 368
166 387
166 405
167 177
167 187
167 217
167 276
167 372
167 427
168 245
168 246
168 252
168 267
168 299
168 445
169 182
169 397
170 231
170 297
170 397
171 205
171 286
171 331
171 339
171 345
171 381
171 399
171 432
172 217
172 318
173 313
173 343
173 382
173 414
174 175
174 206
174 257
174 391
175 186
175 304
175 333
175 415
176 305
176 334
176 336
176 354
176 356
176 393
177 213
178 183
178 184
178 201
178 258
178 318
178 321
179 230
179 234
179 246
179 276
179 352
180 217
180 221
180 270
180 423
181 196
181 221
181 275
181 321
182 247
182 261
182 383
182 437
183 217
183 239
183 284
183 288
183 307
183 370
183 430
184 206
184 215
184 378
184 384
184 385
184 421
185 190
185 194
185 208
185 346
185 358
185 375
185 433
185 445
186 300
186 320
186 372
186 445
187 256
187 314
187 352
187 414
188 257
188 272
188 347
188 348
188 402
188 403
189 222
189 281
189 382
189 393
189 412
190 195
190 238
190 286
190 359
190 378
190 400
190 439
191 195
191 318
191 360
191 370
191 443
192 239
192 302
192 409
193 208
193 259
193 269
193 320
193 412
194 310
194 372
194 401
194 417
195 220
195 226
195 227
195 352
195 414
195 422
196 201
196 223
196 303
196 316
196 325
196 371
196 384
196 410
196 432
197 267
197 271
197 275
197 284
197 315
197 399
198 406
198 408
198 442
199 219
199 237
199 367
199 380
199 416
200 263
200 282
200 317
200 400
200 439
201 263
201 264
201 388
201 402
201 412
202 207
202 211
202 291
202 417
203 212
203 259
203 267
203 296
203 324
203 377
203 384
203 401
203 405
204 249
204 288
204 292
204 426
204 432
205 247
205 293
205 303
205 304
205 440
206 298
206 299
206 305
206 410
207 300
207 352
208 255
208 260
208 431
209 219
209 239
209 244
209 258
209 290
209 308
209 425
210 342
210 373
210 408
210 409
211 221
211 294
211 299
211 344
211 367
211 385
211 396
211 399
211 430
212 272
212 383
213 292
213 304
213 332
213 437
213 446
214 241
214 271
214 290
214 328
214 344
214 350
215 348
215 375
215 440
216 233
217 257
217 294
217 297
217 321
217 341
217 345
217 387
218 240
218 301
218 329
218 408
218 409
219 263
219 372
219 406
219 407
219 430
219 433
220 271
220 304
220 322
220 387
220 428
221 247
221 295
221 335
221 350
221 368
221 387
221 419
221 423
222 319
222 330
223 284
223 288
223 355
223 410
223 415
224 249
224 282
224 368
224 407
224 435
224 436
224 440
225 232
225 249
225 264
225 287
225 297
225 315
225 320
226 331
226 397
226 401
226 434
227 334
227 348
228 265
228 274
228 309
228 364
228 375
228 414
228 415
229 258
229 333
229 358
229 390
229 435
230 286
230 355
230 433
231 240
231 259
231 323
232 242
232 374
233 294
233 317
234 249
234 266
234 286
234 309
234 381
235 328
235 339
235 396
235 408
236 308
236 367
236 420
237 333
237 355
237 401
238 438
239 336
239 366
239 445
240 274
240 302
240 393
241 313
242 263
242 290
242 380
242 421
243 278
243 312
243 322
243 373
245 276
245 285
245 305
245 331
245 359
245 396
245 400
246 273
246 307
247 279
247 373
248 255
248 262
248 271
248 285
248 327
249 331
249 387
249 400
249 424
250 283
250 315
250 317
250 353
250 371
250 377
250 400
250 440
250 442
251 255
251 267
251 336
251 352
252 283
252 298
252 342
252 352
252 386
252 394
252 421
253 290
253 292
253 301
253 319
253 345
253 365
253 433
254 261
254 411
255 334
255 372
256 262
256 263
256 282
256 327
256 336
256 426
256 443
257 365
257 395
257 438
258 288
258 303
258 308
258 355
258 431
259 264
259 283
259 363
259 377
259 420
259 431
260 410
261 400
261 413
261 422
261 445
262 321
262 322
262 370
262 372
262 378
262 419
263 412
263 435
264 382
264 397
265 269
265 270
265 281
265 328
265 359
265 384
265 398
265 422
266 330
266 358
266 362
267 356
267 430
268 270
268 283
268 314
268 424
269 272
269 298
269 314
269 344
269 349
269 368
269 410
269 418
270 291
270 295
270 356
270 434
271 273
271 322
271 394
272 375
272 422
272 427
272 429
273 282
273 327
273 337
274 399
274 445
275 298
275 325
275 377
275 437
275 440
276 311
276 330
276 380
277 335
277 350
278 299
278 305
278 323
278 324
278 357
278 359
278 389
278 393
279 314
279 315
279 392
279 410
279 432
280 372
280 425
280 439
281 289
281 305
281 356
281 416
282 284
282 424
282 439
283 380
284 376
284 401
284 416
284 435
285 379
285 420
285 423
285 446
286 348
286 399
287 296
287 336
287 356
288 364
288 397
289 402
290 298
290 322
290 430
291 365
291 385
291 390
292 418
292 438
293 304
293 427
293 437
294 313
294 345
294 434
295 300
295 337
296 352
297 314
297 326
297 369
299 326
299 368
299 372
300 329
300 343
300 383
301 339
301 417
302 365
303 356
303 376
304 421
305 313
305 358
306 321
306 322
306 348
306 377
306 384
306 388
306 416
307 323
307 423
308 440
309 317
309 342
309 408
310 371
310 390
311 312
311 318
311 352
311 364
311 375
311 397
311 413
311 425
311 443
312 412
313 333
313 347
313 414
313 423
313 436
314 355
314 391
314 392
314 404
315 372
315 432
316 361
316 434
317 395
318 380
318 423
319 325
319 406
320 343
320 345
320 361
320 389
320 418
321 409
321 410
321 416
321 443
322 342
322 347
322 379
322 406
322 432
323 333
323 370
323 386
323 417
323 424
324 331
324 415
325 374
325 421
327 336
327 378
327 409
328 350
328 356
329 391
329 431
330 342
331 406
331 410
331 431
332 408
332 418
332 419
332 442
333 336
333 372
334 436
335 336
335 337
335 349
335 363
335 389
336 376
336 418
337 428
338 379
338 410
338 420
339 443
341 360
341 368
341 369
341 406
342 356
342 368
342 386
342 430
343 361
343 445
344 409
345 355
345 441
346 374
349 351
349 435
349 442
350 393
350 417
351 367
351 427
352 379
352 424
353 393
354 386
355 377
355 383
356 395
356 418
357 364
357 424
358 378
359 393
359 412
360 370
360 386
360 398
360 424
361 432
362 371
362 380
362 396
362 437
363 364
363 388
363 394
363 422
363 436
364 382
364 401
364 423
364 431
368 409
369 381
369 394
369 402
370 412
371 377
371 397
372 380
372 408
372 438
374 411
377 440
378 387
378 407
378 438
379 407
379 412
380 385
380 387
380 398
381 397
382 411
383 403
383 413
384 420
384 432
385 423
386 395
386 422
387 397
389 425
391 421
392 438
393 397
393 409
394 395
395 441
396 432
397 400
398 442
399 423
400 419
400 445
401 415
401 425
401 428
407 432
408 413
409 436
409 441
410 427
414 424
416 443
416 444
422 426
423 429
423 438
424 432
424 438
426 433
433 439
437 441
439 440
440 442
