0 1
0 799
0 2
0 798
0 3
0 797
0 4
0 796
0 5
0 795
0 6
0 794
0 7
0 793
0 8
0 792
0 10
0 790
0 11
0 789
0 12
0 788
0 13
0 787
0 446
0 408
0 585
1 2
1 3
1 798
1 5
1 797
1 6
1 796
1 7
1 795
1 8
1 794
1 9
1 793
1 10
1 792
1 791
1 12
1 790
1 13
1 789
1 788
1 310
1 200
1 103
2 3
2 4
2 5
2 799
2 6
2 798
2 7
2 797
2 796
2 9
2 795
2 10
2 794
2 12
2 792
2 13
2 791
2 14
2 790
2 15
2 789
2 339
2 331
3 5
3 6
3 7
3 799
3 798
3 9
3 797
3 10
3 796
3 795
3 12
3 13
3 793
3 14
3 792
3 15
3 791
3 16
3 790
3 623
3 211
3 662
4 5
4 6
4 7
4 8
4 9
4 799
4 10
4 798
4 11
4 797
4 12
4 13
4 795
4 14
4 794
4 15
4 793
4 16
4 792
4 17
4 791
4 625
5 6
5 7
5 8
5 9
5 11
5 12
5 798
5 13
5 797
5 14
5 796
5 15
5 795
5 16
5 794
5 17
5 18
5 792
5 68
5 306
6 8
6 9
6 10
6 11
6 12
6 13
6 799
6 14
6 798
6 15
6 797
6 16
6 796
6 17
6 795
6 794
6 19
6 793
6 724
6 304
7 8
7 9
7 10
7 11
7 12
7 13
7 14
7 799
7 16
7 798
7 17
7 797
7 18
7 796
7 19
7 795
7 20
7 794
7 107
7 618
8 9
8 10
8 11
8 12
8 13
8 14
8 15
8 16
8 17
8 18
8 19
8 797
8 20
8 796
8 21
8 795
9 10
9 11
9 12
9 13
9 14
9 15
9 16
9 17
9 18
9 19
9 799
9 20
9 798
9 21
9 797
9 22
9 796
9 642
9 200
10 11
10 12
10 13
10 14
10 15
10 16
10 17
10 18
10 19
10 20
10 21
10 799
10 22
10 798
10 23
10 797
11 12
11 13
11 14
11 15
11 16
11 17
11 19
11 20
11 21
11 22
11 23
11 799
11 24
11 350
11 624
11 578
12 13
12 15
12 16
12 17
12 20
12 21
12 22
12 23
12 25
12 799
12 290
12 130
12 367
12 640
12 431
13 14
13 15
13 16
13 17
13 18
13 19
13 20
13 22
13 23
13 24
13 25
13 26
13 645
14 15
14 16
14 17
14 18
14 20
14 22
14 23
14 24
14 25
14 26
14 27
14 596
14 468
14 493
14 91
15 16
15 17
15 18
15 19
15 20
15 21
15 22
15 23
15 24
15 25
15 27
15 28
15 637
15 745
16 18
16 19
16 20
16 21
16 22
16 24
16 25
16 26
16 27
16 28
16 29
16 446
16 202
16 634
17 18
17 19
17 20
17 21
17 22
17 23
17 24
17 25
17 26
17 27
17 28
17 29
17 30
17 704
18 19
18 20
18 22
18 23
18 24
18 25
18 26
18 27
18 28
18 29
18 30
18 31
18 398
18 709
19 20
19 22
19 23
19 24
19 25
19 27
19 28
19 29
19 30
19 32
19 358
19 411
19 784
19 321
19 488
20 21
20 22
20 23
20 24
20 25
20 26
20 27
20 28
20 29
20 30
20 31
20 32
20 33
21 22
21 23
21 24
21 25
21 26
21 27
21 28
21 29
21 30
21 31
21 33
21 34
21 687
21 392
22 23
22 24
22 25
22 26
22 27
22 28
22 29
22 30
22 31
22 32
22 33
22 35
22 642
22 213
22 77
23 24
23 25
23 26
23 27
23 28
23 29
23 31
23 32
23 33
23 34
23 35
23 36
23 344
23 166
23 703
24 25
24 26
24 27
24 28
24 29
24 30
24 31
24 32
24 33
24 34
24 36
24 799
24 306
24 118
25 26
25 27
25 28
25 30
25 31
25 32
25 33
25 35
25 36
25 37
25 38
25 749
25 699
26 27
26 28
26 29
26 30
26 32
26 33
26 34
26 35
26 36
26 37
26 38
26 39
26 398
26 290
27 28
27 29
27 32
27 33
27 34
27 35
27 37
27 38
27 39
27 40
27 377
27 575
27 394
27 259
27 278
27 592
28 29
28 30
28 31
28 32
28 33
28 34
28 35
28 36
28 37
28 38
28 39
28 41
28 798
28 529
29 30
29 33
29 34
29 35
29 36
29 37
29 38
29 39
29 40
29 41
29 42
29 166
29 450
30 31
30 32
30 34
30 35
30 36
30 37
30 38
30 39
30 40
30 41
30 42
30 43
30 172
30 332
30 438
30 546
31 33
31 34
31 35
31 36
31 37
31 38
31 39
31 42
31 43
31 44
31 438
31 320
31 58
32 33
32 34
32 35
32 36
32 37
32 38
32 39
32 40
32 41
32 42
32 43
32 44
32 45
32 544
33 34
33 35
33 36
33 37
33 38
33 39
33 40
33 41
33 42
33 43
33 44
33 45
33 46
33 378
34 35
34 36
34 37
34 38
34 39
34 40
34 42
34 43
34 44
34 45
34 46
34 47
34 86
34 292
34 454
34 312
34 546
34 684
35 36
35 37
35 38
35 39
35 40
35 41
35 42
35 43
35 44
35 46
35 47
35 203
35 361
36 37
36 38
36 39
36 40
36 41
36 42
36 43
36 44
36 45
36 46
36 47
36 48
36 49
36 128
36 708
37 38
37 39
37 40
37 41
37 42
37 43
37 44
37 45
37 46
37 47
37 48
37 50
37 122
38 39
38 40
38 41
38 42
38 43
38 44
38 45
38 46
38 47
38 48
38 49
38 50
38 51
39 40
39 41
39 43
39 44
39 46
39 47
39 48
39 49
39 50
39 51
39 52
39 321
39 787
40 41
40 42
40 43
40 44
40 45
40 46
40 47
40 48
40 49
40 50
40 52
40 53
40 564
40 532
40 652
41 42
41 43
41 44
41 45
41 46
41 47
41 48
41 49
41 50
41 51
41 52
41 54
41 237
41 240
41 393
42 43
42 44
42 45
42 46
42 47
42 48
42 49
42 50
42 51
42 53
42 54
42 55
42 69
42 350
42 192
43 44
43 45
43 46
43 47
43 48
43 49
43 51
43 52
43 53
43 55
43 56
43 527
43 122
44 45
44 46
44 47
44 48
44 49
44 50
44 51
44 52
44 53
44 54
44 55
44 56
44 57
44 296
44 293
44 551
44 796
44 526
44 547
45 46
45 48
45 49
45 50
45 51
45 52
45 53
45 54
45 55
45 56
45 57
45 58
45 540
45 791
46 47
46 48
46 49
46 50
46 52
46 53
46 54
46 55
46 56
46 57
46 58
46 59
46 115
47 48
47 50
47 51
47 52
47 53
47 55
47 56
47 57
47 58
47 60
47 126
47 353
47 70
47 249
48 49
48 50
48 51
48 52
48 53
48 54
48 55
48 56
48 57
48 58
48 59
48 60
48 61
48 180
49 50
49 51
49 52
49 53
49 54
49 55
49 56
49 57
49 58
49 59
49 60
49 61
49 62
49 365
50 51
50 53
50 54
50 55
50 57
50 58
50 59
50 60
50 62
50 63
50 593
50 688
50 655
50 581
50 69
50 638
50 355
51 52
51 53
51 54
51 55
51 56
51 57
51 58
51 59
51 60
51 61
51 62
51 63
51 64
51 711
51 477
52 54
52 55
52 56
52 58
52 60
52 61
52 62
52 63
52 64
52 65
52 202
52 706
52 715
53 54
53 56
53 58
53 59
53 60
53 61
53 62
53 63
53 64
53 65
53 66
53 311
53 199
53 203
54 55
54 56
54 57
54 58
54 59
54 61
54 62
54 63
54 64
54 65
54 66
54 67
54 429
54 426
54 465
55 57
55 58
55 59
55 60
55 61
55 62
55 63
55 64
55 65
55 66
55 67
55 68
55 280
55 560
56 57
56 58
56 59
56 60
56 61
56 62
56 63
56 64
56 65
56 66
56 67
56 68
56 69
56 746
57 58
57 59
57 60
57 61
57 62
57 63
57 64
57 65
57 66
57 67
57 68
57 70
57 720
57 514
58 59
58 60
58 61
58 62
58 64
58 65
58 66
58 67
58 68
58 70
58 71
58 413
58 622
58 144
58 646
59 60
59 61
59 62
59 63
59 64
59 65
59 66
59 67
59 69
59 70
59 71
59 72
59 647
59 335
59 456
59 307
60 61
60 62
60 63
60 64
60 65
60 66
60 68
60 69
60 70
60 71
60 73
60 211
60 111
61 62
61 63
61 64
61 66
61 67
61 68
61 69
61 70
61 71
61 72
61 73
61 74
61 380
61 164
61 585
61 557
62 63
62 64
62 65
62 66
62 67
62 68
62 69
62 70
62 71
62 72
62 74
62 75
62 83
63 64
63 65
63 66
63 67
63 68
63 69
63 71
63 72
63 73
63 74
63 75
63 76
63 88
64 65
64 66
64 67
64 68
64 69
64 70
64 71
64 72
64 73
64 74
64 75
64 76
64 77
64 140
64 306
65 66
65 68
65 69
65 70
65 71
65 72
65 73
65 74
65 76
65 77
65 78
65 314
65 549
66 67
66 68
66 69
66 70
66 71
66 72
66 73
66 75
66 76
66 77
66 78
66 79
66 90
66 208
66 667
66 750
66 574
66 588
67 68
67 70
67 71
67 72
67 73
67 74
67 75
67 77
67 78
67 79
67 80
67 680
67 547
67 573
67 782
68 70
68 71
68 72
68 73
68 74
68 75
68 77
68 78
68 79
68 80
68 81
68 336
69 70
69 71
69 73
69 74
69 76
69 77
69 78
69 79
69 80
69 81
69 82
70 71
70 72
70 73
70 75
70 76
70 77
70 78
70 79
70 81
70 82
70 83
70 209
70 316
71 72
71 73
71 74
71 75
71 78
71 79
71 80
71 81
71 82
71 83
71 84
71 713
71 126
71 233
72 73
72 74
72 75
72 76
72 77
72 78
72 79
72 80
72 81
72 83
72 84
72 85
72 766
72 568
72 232
73 74
73 75
73 76
73 77
73 79
73 80
73 81
73 82
73 83
73 84
73 85
73 86
73 496
73 444
73 690
74 75
74 76
74 78
74 79
74 80
74 81
74 82
74 83
74 84
74 85
74 86
74 87
74 273
75 76
75 77
75 78
75 79
75 80
75 81
75 82
75 83
75 84
75 86
75 87
75 88
75 756
75 430
75 745
76 78
76 79
76 80
76 81
76 82
76 83
76 84
76 85
76 86
76 87
76 88
76 89
76 505
76 668
76 751
76 504
77 78
77 79
77 80
77 81
77 82
77 83
77 85
77 86
77 87
77 88
77 491
77 571
78 79
78 81
78 83
78 84
78 85
78 86
78 87
78 88
78 90
78 91
78 478
78 525
78 208
78 784
79 80
79 81
79 82
79 84
79 85
79 86
79 87
79 88
79 89
79 90
79 91
79 92
79 407
80 81
80 82
80 83
80 84
80 85
80 86
80 87
80 88
80 89
80 90
80 91
80 92
80 93
81 82
81 83
81 84
81 85
81 86
81 87
81 88
81 89
81 91
81 92
81 328
81 567
81 668
81 135
81 171
82 83
82 84
82 85
82 86
82 87
82 88
82 89
82 90
82 91
82 92
82 93
82 94
82 95
82 719
83 84
83 85
83 86
83 87
83 88
83 89
83 90
83 91
83 92
83 93
83 94
83 95
83 96
83 437
83 243
84 85
84 87
84 88
84 89
84 90
84 91
84 92
84 93
84 94
84 95
84 96
84 97
84 165
85 86
85 89
85 90
85 91
85 92
85 93
85 94
85 96
85 97
85 98
85 790
85 317
85 102
85 117
86 87
86 88
86 89
86 90
86 91
86 92
86 93
86 94
86 96
86 97
86 98
86 99
86 766
87 89
87 91
87 92
87 94
87 95
87 96
87 98
87 99
87 100
87 739
87 687
87 585
87 741
87 171
87 219
88 89
88 90
88 92
88 93
88 94
88 95
88 96
88 97
88 98
88 99
88 100
88 101
88 496
88 699
89 90
89 91
89 94
89 95
89 97
89 98
89 99
89 100
89 101
89 102
89 624
89 578
89 567
89 247
89 655
90 92
90 94
90 95
90 96
90 97
90 98
90 99
90 100
90 101
90 102
90 103
90 721
90 541
90 386
91 92
91 93
91 94
91 95
91 96
91 97
91 99
91 100
91 101
91 102
91 103
91 253
91 316
92 93
92 94
92 95
92 96
92 97
92 98
92 99
92 100
92 101
92 102
92 103
92 104
92 105
92 372
93 94
93 95
93 96
93 97
93 98
93 99
93 100
93 101
93 102
93 103
93 104
93 105
93 106
94 96
94 97
94 98
94 99
94 100
94 101
94 102
94 103
94 105
94 106
94 775
94 520
94 270
94 348
95 96
95 98
95 99
95 100
95 101
95 102
95 103
95 104
95 105
95 106
95 107
95 108
95 218
95 174
95 706
96 97
96 98
96 99
96 100
96 101
96 102
96 103
96 105
96 106
96 107
96 108
96 109
96 466
97 98
97 99
97 100
97 102
97 103
97 104
97 105
97 106
97 107
97 108
97 756
97 275
97 176
98 99
98 100
98 101
98 102
98 103
98 104
98 105
98 106
98 107
98 108
98 109
98 110
98 111
99 100
99 101
99 102
99 103
99 104
99 105
99 107
99 108
99 109
99 110
99 111
99 112
99 248
99 568
100 101
100 102
100 103
100 104
100 106
100 107
100 108
100 109
100 110
100 112
100 113
100 711
100 226
100 623
101 102
101 103
101 104
101 107
101 108
101 109
101 110
101 111
101 112
101 113
101 114
101 572
101 160
101 223
102 103
102 104
102 105
102 106
102 107
102 108
102 109
102 111
102 112
102 113
102 114
102 115
102 680
102 798
103 105
103 106
103 107
103 108
103 109
103 110
103 111
103 112
103 113
103 116
103 474
103 709
103 396
103 420
103 637
103 247
104 105
104 106
104 107
104 108
104 109
104 110
104 111
104 112
104 113
104 116
104 117
104 577
104 777
104 571
105 106
105 107
105 108
105 109
105 110
105 111
105 112
105 113
105 114
105 115
105 116
105 117
105 118
105 577
106 108
106 109
106 110
106 111
106 112
106 113
106 114
106 115
106 116
106 117
106 118
106 119
106 370
106 401
107 109
107 110
107 111
107 112
107 113
107 114
107 115
107 116
107 117
107 118
107 119
107 120
107 330
108 109
108 110
108 111
108 112
108 113
108 114
108 115
108 116
108 118
108 119
108 120
108 121
108 638
108 409
109 110
109 111
109 112
109 113
109 114
109 116
109 117
109 118
109 119
109 120
109 121
109 122
109 233
109 771
110 111
110 112
110 113
110 114
110 116
110 117
110 118
110 119
110 120
110 121
110 122
110 123
110 400
110 798
110 508
111 112
111 115
111 116
111 117
111 118
111 119
111 120
111 121
111 122
111 123
111 124
111 255
111 375
111 358
111 171
112 113
112 116
112 117
112 118
112 119
112 121
112 122
112 123
112 125
112 403
112 189
112 598
112 138
112 752
112 556
113 114
113 116
113 117
113 118
113 119
113 120
113 121
113 122
113 124
113 125
113 126
113 685
113 469
113 316
113 635
113 368
114 115
114 116
114 117
114 118
114 119
114 120
114 122
114 123
114 124
114 125
114 126
114 127
114 616
114 705
115 118
115 119
115 120
115 121
115 122
115 125
115 126
115 127
115 128
115 524
115 434
115 445
115 240
115 217
116 117
116 118
116 120
116 121
116 122
116 123
116 124
116 125
116 126
116 127
116 128
116 129
116 701
117 118
117 119
117 120
117 122
117 123
117 124
117 125
117 126
117 127
117 128
117 129
117 130
117 514
117 625
117 342
118 119
118 120
118 122
118 123
118 124
118 125
118 126
118 127
118 129
118 130
118 131
118 251
118 662
118 465
118 154
119 121
119 122
119 123
119 124
119 125
119 126
119 128
119 129
119 130
119 131
119 132
119 508
119 633
119 776
120 121
120 124
120 126
120 128
120 129
120 130
120 131
120 132
120 133
120 402
120 409
120 586
120 419
120 626
121 122
121 123
121 124
121 125
121 126
121 127
121 129
121 130
121 131
121 132
121 133
121 134
121 369
122 123
122 124
122 125
122 126
122 127
122 128
122 129
122 130
122 131
122 132
122 133
122 134
122 135
123 124
123 125
123 127
123 128
123 129
123 131
123 132
123 133
123 134
123 135
123 136
123 670
123 675
123 510
124 125
124 126
124 127
124 128
124 129
124 131
124 132
124 133
124 134
124 135
124 136
124 137
124 310
125 126
125 127
125 128
125 129
125 130
125 131
125 132
125 133
125 134
125 135
125 136
125 137
125 138
125 787
126 127
126 128
126 129
126 130
126 131
126 132
126 133
126 134
126 135
126 136
126 137
126 138
126 139
126 250
127 128
127 129
127 130
127 131
127 132
127 133
127 135
127 136
127 137
127 138
127 139
127 140
127 255
127 744
127 516
128 129
128 130
128 131
128 132
128 133
128 134
128 135
128 137
128 139
128 140
128 769
128 216
129 130
129 132
129 133
129 134
129 135
129 136
129 137
129 138
129 139
129 140
129 141
129 620
129 385
129 732
130 131
130 132
130 133
130 134
130 135
130 136
130 137
130 139
130 141
130 143
130 431
130 238
130 733
130 257
131 132
131 133
131 134
131 135
131 136
131 137
131 138
131 139
131 140
131 141
131 142
131 143
131 144
131 343
132 133
132 134
132 135
132 136
132 137
132 138
132 139
132 141
132 142
132 143
132 144
132 145
132 638
132 739
133 134
133 135
133 136
133 137
133 138
133 139
133 140
133 141
133 142
133 143
133 144
133 145
133 146
134 135
134 137
134 138
134 139
134 140
134 141
134 142
134 143
134 144
134 145
134 146
134 147
134 347
134 627
134 326
135 136
135 137
135 138
135 139
135 141
135 142
135 143
135 144
135 145
135 146
135 147
135 148
135 331
135 312
136 137
136 138
136 139
136 140
136 141
136 143
136 144
136 145
136 146
136 147
136 148
136 149
136 216
136 194
136 373
137 138
137 139
137 140
137 142
137 143
137 144
137 145
137 146
137 147
137 148
137 149
137 150
137 191
137 767
138 139
138 140
138 141
138 142
138 143
138 144
138 146
138 147
138 148
138 150
138 151
138 337
139 140
139 141
139 142
139 143
139 144
139 146
139 147
139 148
139 149
139 151
139 152
139 624
139 446
139 307
139 689
140 141
140 142
140 143
140 144
140 145
140 146
140 147
140 148
140 149
140 151
140 152
140 153
140 784
140 248
141 142
141 143
141 144
141 145
141 146
141 147
141 148
141 149
141 150
141 151
141 152
141 153
141 154
141 341
142 143
142 144
142 145
142 146
142 147
142 148
142 149
142 150
142 151
142 152
142 153
142 154
142 155
142 418
142 669
142 520
143 144
143 145
143 146
143 147
143 148
143 149
143 151
143 152
143 153
143 154
143 155
143 219
143 749
143 570
143 796
144 145
144 146
144 147
144 148
144 149
144 150
144 151
144 153
144 154
144 155
144 156
144 157
145 146
145 147
145 148
145 149
145 150
145 151
145 152
145 153
145 154
145 155
145 156
145 157
145 158
146 147
146 149
146 150
146 151
146 152
146 153
146 154
146 156
146 158
146 159
146 658
146 312
146 282
146 327
147 148
147 149
147 151
147 153
147 154
147 155
147 156
147 157
147 158
147 159
147 160
147 773
147 758
148 149
148 152
148 153
148 154
148 155
148 156
148 157
148 158
148 159
148 160
148 426
148 419
148 792
148 748
149 150
149 151
149 152
149 153
149 155
149 156
149 157
149 158
149 159
149 160
149 161
149 162
149 728
149 225
149 502
149 245
150 151
150 152
150 153
150 154
150 155
150 156
150 157
150 158
150 159
150 160
150 161
150 162
150 163
151 152
151 153
151 154
151 155
151 156
151 157
151 158
151 159
151 160
151 161
151 162
151 163
151 164
151 347
152 153
152 154
152 155
152 156
152 157
152 158
152 159
152 160
152 161
152 162
152 163
152 164
152 165
152 678
152 203
153 154
153 155
153 156
153 157
153 158
153 159
153 160
153 161
153 162
153 163
153 164
153 165
153 166
153 232
153 323
154 155
154 156
154 157
154 158
154 159
154 160
154 163
154 164
154 166
154 167
154 452
154 625
154 429
154 693
154 319
155 156
155 157
155 158
155 159
155 161
155 162
155 163
155 164
155 165
155 166
155 167
155 168
155 686
156 157
156 158
156 160
156 161
156 162
156 163
156 164
156 165
156 167
156 168
156 169
156 686
156 568
157 158
157 159
157 160
157 161
157 162
157 163
157 164
157 165
157 166
157 167
157 168
157 169
157 170
158 160
158 161
158 162
158 163
158 164
158 165
158 166
158 167
158 168
158 169
158 170
158 171
158 621
158 598
158 342
159 160
159 161
159 162
159 163
159 164
159 165
159 166
159 167
159 168
159 169
159 170
159 171
159 728
159 354
159 499
160 161
160 162
160 163
160 164
160 167
160 168
160 169
160 172
160 788
160 794
160 406
160 703
160 221
160 504
161 163
161 164
161 165
161 166
161 167
161 168
161 169
161 170
161 172
161 173
161 174
161 392
161 190
161 289
161 239
161 662
162 163
162 164
162 165
162 166
162 167
162 168
162 169
162 170
162 171
162 172
162 173
162 174
162 594
162 587
162 367
162 187
163 164
163 165
163 166
163 167
163 168
163 169
163 170
163 171
163 172
163 173
163 175
163 176
163 742
164 165
164 166
164 167
164 168
164 169
164 170
164 171
164 173
164 174
164 175
164 176
164 177
165 166
165 167
165 168
165 169
165 170
165 171
165 172
165 173
165 174
165 175
165 176
165 177
165 178
166 167
166 168
166 169
166 170
166 171
166 172
166 173
166 174
166 176
166 177
166 178
166 179
166 637
167 168
167 169
167 170
167 172
167 173
167 174
167 175
167 176
167 177
167 178
167 179
167 444
167 537
168 169
168 170
168 171
168 172
168 173
168 174
168 175
168 176
168 177
168 178
168 179
168 180
168 181
169 170
169 171
169 172
169 173
169 174
169 175
169 176
169 177
169 178
169 179
169 180
169 182
169 591
170 171
170 174
170 175
170 176
170 177
170 178
170 179
170 180
170 182
170 183
170 627
170 283
170 582
170 641
171 172
171 173
171 175
171 176
171 178
171 179
171 180
171 181
171 182
171 183
171 629
171 310
171 466
172 174
172 176
172 177
172 178
172 179
172 180
172 181
172 182
172 183
172 184
172 185
172 368
173 174
173 175
173 177
173 178
173 179
173 180
173 181
173 182
173 183
173 184
173 186
173 680
173 583
173 796
174 175
174 176
174 178
174 179
174 180
174 181
174 182
174 183
174 184
174 185
174 186
174 187
175 176
175 177
175 178
175 179
175 180
175 181
175 182
175 183
175 184
175 185
175 186
175 187
175 188
175 629
175 533
176 177
176 178
176 179
176 180
176 181
176 182
176 183
176 184
176 185
176 186
176 187
176 188
176 243
176 593
177 178
177 181
177 182
177 183
177 184
177 185
177 186
177 187
177 188
177 189
177 190
177 223
177 640
177 604
177 606
177 191
177 556
178 179
178 180
178 181
178 182
178 183
178 185
178 186
178 187
178 188
178 189
178 190
178 191
178 558
178 399
178 651
179 180
179 181
179 182
179 183
179 184
179 185
179 186
179 187
179 188
179 189
179 190
179 191
179 192
179 629
179 212
180 181
180 182
180 183
180 185
180 186
180 187
180 188
180 189
180 190
180 191
180 192
180 193
181 182
181 183
181 184
181 185
181 186
181 187
181 188
181 189
181 190
181 191
181 192
181 193
181 194
181 525
182 183
182 184
182 185
182 186
182 187
182 188
182 189
182 190
182 191
182 192
182 193
182 194
182 195
182 570
183 184
183 185
183 186
183 187
183 188
183 189
183 190
183 192
183 193
183 194
183 195
183 196
183 249
183 258
184 185
184 188
184 189
184 190
184 191
184 192
184 193
184 194
184 195
184 196
184 197
184 682
184 309
185 186
185 187
185 188
185 189
185 190
185 191
185 192
185 193
185 194
185 195
185 196
185 197
185 198
185 461
186 187
186 188
186 190
186 191
186 192
186 193
186 194
186 195
186 196
186 197
186 198
186 199
186 794
187 188
187 189
187 190
187 191
187 192
187 193
187 194
187 195
187 196
187 197
187 198
187 199
187 519
188 189
188 190
188 191
188 192
188 193
188 194
188 195
188 196
188 197
188 198
188 199
188 200
188 766
189 190
189 191
189 192
189 193
189 194
189 195
189 196
189 197
189 199
189 200
189 201
189 202
189 245
189 715
189 400
190 191
190 193
190 194
190 195
190 196
190 197
190 198
190 199
190 200
190 201
190 202
190 203
190 544
190 620
191 192
191 193
191 195
191 196
191 197
191 198
191 200
191 202
191 204
191 524
191 536
191 391
191 336
192 193
192 194
192 196
192 197
192 198
192 199
192 200
192 201
192 202
192 203
192 204
192 205
192 736
192 704
193 194
193 195
193 196
193 197
193 198
193 199
193 200
193 201
193 202
193 203
193 204
193 205
193 206
194 195
194 196
194 197
194 198
194 199
194 200
194 201
194 202
194 204
194 205
194 206
194 207
194 247
195 196
195 197
195 198
195 199
195 200
195 201
195 202
195 204
195 205
195 206
195 207
195 208
195 638
196 197
196 198
196 199
196 200
196 201
196 202
196 203
196 204
196 205
196 206
196 207
196 208
196 209
196 774
197 198
197 199
197 200
197 201
197 203
197 204
197 205
197 207
197 208
197 209
197 210
197 292
197 592
197 313
198 199
198 200
198 201
198 202
198 203
198 204
198 205
198 206
198 207
198 208
198 209
198 210
198 211
199 200
199 201
199 202
199 203
199 204
199 205
199 206
199 207
199 208
199 210
199 211
199 212
199 631
200 201
200 202
200 203
200 205
200 206
200 207
200 208
200 209
200 210
200 212
200 213
200 461
201 202
201 203
201 204
201 205
201 206
201 207
201 209
201 210
201 211
201 212
201 214
201 308
201 513
202 203
202 204
202 205
202 206
202 207
202 208
202 209
202 210
202 211
202 212
202 213
202 214
202 215
202 309
203 204
203 205
203 206
203 207
203 208
203 209
203 210
203 211
203 213
203 214
203 216
204 205
204 206
204 207
204 208
204 209
204 210
204 211
204 212
204 213
204 214
204 215
204 216
204 217
204 369
205 206
205 207
205 208
205 209
205 210
205 211
205 212
205 213
205 214
205 215
205 216
205 217
205 218
205 463
206 207
206 208
206 209
206 210
206 211
206 212
206 213
206 214
206 215
206 217
206 218
206 219
206 663
206 631
206 650
207 208
207 209
207 210
207 211
207 212
207 213
207 214
207 215
207 216
207 217
207 218
207 219
207 220
207 571
208 209
208 210
208 212
208 213
208 215
208 216
208 217
208 218
208 219
208 220
208 221
208 670
208 461
208 248
208 644
209 210
209 211
209 212
209 213
209 214
209 215
209 216
209 217
209 219
209 220
209 221
209 222
209 457
209 657
210 211
210 212
210 213
210 214
210 215
210 216
210 217
210 218
210 219
210 220
210 221
210 222
210 223
210 749
211 212
211 213
211 214
211 215
211 217
211 218
211 219
211 220
211 221
211 222
211 224
211 658
211 281
211 323
211 512
212 213
212 214
212 215
212 216
212 217
212 218
212 219
212 221
212 222
212 223
212 224
212 225
213 214
213 215
213 216
213 217
213 218
213 219
213 220
213 221
213 222
213 223
213 224
213 226
213 716
214 215
214 216
214 217
214 220
214 221
214 222
214 223
214 224
214 225
214 226
214 227
214 780
214 752
214 745
215 216
215 217
215 218
215 219
215 221
215 222
215 223
215 224
215 226
215 227
215 228
215 680
215 344
216 217
216 218
216 219
216 221
216 222
216 223
216 224
216 226
216 227
216 228
216 229
216 685
217 218
217 219
217 220
217 221
217 222
217 223
217 224
217 225
217 226
217 227
217 228
217 229
217 230
217 670
217 592
218 219
218 220
218 221
218 222
218 223
218 224
218 225
218 226
218 227
218 228
218 229
218 230
218 231
218 287
219 220
219 221
219 222
219 223
219 225
219 226
219 227
219 228
219 229
219 231
219 232
219 377
220 221
220 222
220 223
220 224
220 225
220 226
220 227
220 229
220 231
220 233
220 431
220 509
220 613
220 764
220 744
221 222
221 223
221 224
221 225
221 226
221 227
221 228
221 229
221 230
221 231
221 234
221 527
221 369
221 670
222 223
222 224
222 225
222 226
222 227
222 228
222 230
222 231
222 232
222 233
222 234
222 235
222 381
222 551
222 240
223 224
223 225
223 227
223 228
223 230
223 231
223 232
223 235
223 236
223 444
223 462
223 724
223 771
224 225
224 227
224 228
224 229
224 230
224 231
224 232
224 233
224 234
224 235
224 236
224 237
224 775
224 450
225 226
225 227
225 228
225 229
225 230
225 231
225 232
225 233
225 234
225 235
225 236
225 237
225 238
226 227
226 228
226 229
226 230
226 231
226 232
226 234
226 235
226 236
226 237
226 238
226 311
226 440
226 326
227 228
227 229
227 230
227 232
227 233
227 235
227 236
227 237
227 238
227 239
227 240
227 664
227 570
227 723
227 510
228 229
228 230
228 231
228 232
228 233
228 234
228 235
228 236
228 237
228 238
228 239
228 240
228 241
228 359
228 486
228 668
229 230
229 231
229 232
229 233
229 234
229 235
229 236
229 237
229 238
229 239
229 240
229 241
229 242
230 231
230 232
230 233
230 234
230 235
230 236
230 237
230 238
230 239
230 241
230 242
230 243
230 281
230 479
231 232
231 233
231 234
231 235
231 236
231 237
231 238
231 239
231 240
231 241
231 242
231 243
231 244
231 754
232 233
232 235
232 236
232 237
232 238
232 239
232 240
232 241
232 242
232 243
232 244
232 245
232 564
233 235
233 236
233 238
233 239
233 240
233 242
233 243
233 244
233 245
233 246
233 285
234 235
234 236
234 237
234 238
234 239
234 241
234 242
234 243
234 244
234 245
234 246
234 247
234 619
234 508
234 568
235 236
235 237
235 238
235 239
235 240
235 241
235 242
235 243
235 244
235 245
235 246
235 247
235 248
236 237
236 238
236 239
236 240
236 241
236 242
236 243
236 244
236 245
236 246
236 247
236 248
236 249
236 614
236 654
237 238
237 239
237 240
237 242
237 243
237 245
237 246
237 247
237 248
237 249
237 250
237 699
237 348
238 239
238 240
238 242
238 244
238 245
238 246
238 247
238 248
238 249
238 250
238 251
238 425
238 380
238 509
239 240
239 242
239 243
239 246
239 247
239 248
239 249
239 250
239 251
239 252
239 316
239 397
239 303
240 242
240 244
240 245
240 246
240 247
240 249
240 250
240 251
240 252
240 748
240 671
241 242
241 243
241 244
241 245
241 246
241 247
241 248
241 249
241 251
241 253
241 254
241 307
241 799
241 678
242 244
242 245
242 246
242 247
242 249
242 250
242 251
242 252
242 254
242 255
242 697
242 427
242 793
242 310
243 244
243 249
243 250
243 251
243 252
243 253
243 254
243 255
243 256
243 351
243 708
244 245
244 246
244 247
244 248
244 249
244 251
244 252
244 253
244 254
244 255
244 256
244 257
244 348
244 333
245 246
245 247
245 248
245 249
245 250
245 252
245 254
245 255
245 256
245 257
245 258
245 288
245 553
246 247
246 248
246 250
246 251
246 252
246 253
246 254
246 255
246 256
246 257
246 259
246 307
246 442
246 520
247 248
247 250
247 251
247 252
247 253
247 255
247 256
247 257
247 258
247 537
247 637
247 647
247 700
247 440
248 250
248 251
248 252
248 253
248 254
248 255
248 256
248 258
248 260
248 261
249 250
249 251
249 253
249 254
249 255
249 256
249 257
249 258
249 259
249 260
249 261
249 262
250 251
250 252
250 253
250 254
250 255
250 256
250 257
250 258
250 259
250 260
250 261
250 263
250 387
251 253
251 254
251 255
251 256
251 257
251 258
251 259
251 260
251 261
251 262
251 263
251 264
251 612
252 253
252 254
252 255
252 256
252 257
252 258
252 259
252 260
252 262
252 263
252 264
252 265
252 775
252 307
253 254
253 256
253 257
253 258
253 259
253 260
253 261
253 262
253 263
253 264
253 265
253 266
253 294
254 255
254 256
254 257
254 258
254 259
254 260
254 261
254 262
254 263
254 264
254 265
254 266
254 267
254 331
255 256
255 257
255 258
255 259
255 260
255 261
255 262
255 263
255 264
255 265
255 266
255 267
255 358
255 468
256 257
256 258
256 259
256 260
256 261
256 262
256 263
256 264
256 265
256 266
256 267
256 268
256 269
256 451
257 258
257 259
257 260
257 261
257 262
257 263
257 264
257 265
257 266
257 267
257 268
257 270
257 335
258 259
258 260
258 261
258 263
258 264
258 265
258 266
258 267
258 268
258 269
258 270
258 271
258 536
258 389
259 260
259 261
259 263
259 264
259 265
259 266
259 267
259 268
259 269
259 270
259 271
259 550
259 743
259 638
260 261
260 262
260 263
260 264
260 265
260 266
260 267
260 268
260 269
260 271
260 272
260 273
260 768
260 690
261 262
261 263
261 264
261 265
261 266
261 267
261 268
261 269
261 270
261 271
261 272
261 273
261 274
261 469
261 782
261 596
261 785
262 263
262 264
262 265
262 266
262 267
262 268
262 269
262 270
262 271
262 272
262 273
262 275
262 721
262 290
262 519
263 264
263 265
263 266
263 267
263 268
263 269
263 270
263 271
263 272
263 273
263 274
263 275
263 276
263 291
264 265
264 266
264 267
264 268
264 269
264 271
264 273
264 275
264 276
264 277
264 509
264 571
264 458
265 266
265 267
265 268
265 269
265 270
265 271
265 272
265 273
265 274
265 275
265 277
265 278
265 453
265 607
265 493
265 299
266 267
266 268
266 269
266 270
266 271
266 272
266 273
266 274
266 275
266 276
266 277
266 278
266 279
267 268
267 269
267 270
267 271
267 272
267 273
267 275
267 276
267 278
267 279
267 529
267 778
267 417
268 269
268 270
268 271
268 272
268 273
268 274
268 275
268 276
268 277
268 278
268 280
268 281
268 702
268 363
268 315
268 474
269 270
269 271
269 272
269 273
269 274
269 275
269 276
269 277
269 278
269 279
269 280
269 281
269 282
269 453
269 422
270 271
270 273
270 274
270 275
270 276
270 277
270 279
270 280
270 281
270 282
270 283
270 335
270 772
271 272
271 273
271 274
271 275
271 276
271 277
271 278
271 279
271 280
271 283
271 284
271 487
271 735
271 742
271 575
272 273
272 275
272 276
272 277
272 278
272 280
272 281
272 282
272 284
272 285
272 565
272 635
272 786
273 274
273 275
273 276
273 277
273 278
273 279
273 280
273 281
273 282
273 283
273 284
273 285
273 690
274 275
274 276
274 277
274 278
274 279
274 280
274 281
274 282
274 283
274 284
274 285
274 286
274 287
274 358
275 276
275 277
275 278
275 279
275 280
275 281
275 282
275 283
275 284
275 285
275 286
275 287
275 288
275 647
275 705
276 277
276 278
276 279
276 280
276 281
276 282
276 283
276 284
276 285
276 286
276 287
276 288
276 289
276 429
277 278
277 279
277 280
277 281
277 282
277 283
277 284
277 286
277 287
277 288
277 289
277 290
277 488
277 528
277 716
278 279
278 280
278 281
278 282
278 283
278 284
278 285
278 287
278 288
278 289
278 290
278 708
278 384
279 280
279 281
279 282
279 283
279 284
279 285
279 286
279 287
279 288
279 289
279 290
279 292
279 339
280 281
280 282
280 283
280 284
280 285
280 286
280 287
280 289
280 291
280 292
280 293
280 717
280 657
280 769
281 282
281 283
281 284
281 285
281 286
281 288
281 290
281 292
281 293
281 294
281 566
282 283
282 284
282 285
282 286
282 287
282 288
282 290
282 291
282 292
282 293
282 294
282 295
282 390
283 284
283 286
283 287
283 288
283 289
283 290
283 291
283 293
283 294
283 295
283 296
283 533
284 285
284 286
284 287
284 288
284 289
284 290
284 291
284 292
284 293
284 294
284 295
284 296
284 297
284 693
285 286
285 288
285 289
285 290
285 291
285 292
285 293
285 294
285 295
285 296
285 297
285 298
285 430
285 395
285 718
286 287
286 288
286 289
286 290
286 291
286 292
286 293
286 294
286 295
286 296
286 298
286 299
286 451
287 289
287 290
287 291
287 292
287 293
287 295
287 297
287 299
287 300
287 579
287 424
287 370
287 465
287 444
287 739
288 289
288 290
288 291
288 292
288 293
288 294
288 295
288 296
288 297
288 298
288 300
288 301
288 688
289 291
289 293
289 294
289 295
289 296
289 297
289 298
289 299
289 300
289 301
289 302
289 482
290 291
290 292
290 293
290 294
290 295
290 296
290 297
290 298
290 299
290 300
290 301
290 303
290 659
290 365
290 584
291 292
291 293
291 296
291 297
291 298
291 299
291 300
291 301
291 302
291 303
291 304
291 317
291 398
291 552
292 293
292 295
292 296
292 297
292 298
292 299
292 301
292 302
292 303
292 304
292 305
293 294
293 295
293 297
293 298
293 299
293 301
293 302
293 303
293 304
293 306
293 625
293 729
294 295
294 296
294 298
294 299
294 300
294 301
294 302
294 303
294 304
294 305
294 306
294 307
295 297
295 298
295 299
295 300
295 301
295 302
295 303
295 304
295 305
295 306
295 307
295 308
295 497
295 538
296 297
296 299
296 300
296 301
296 302
296 303
296 304
296 305
296 306
296 307
296 308
296 309
296 368
296 484
296 452
297 299
297 300
297 301
297 302
297 303
297 304
297 305
297 306
297 307
297 308
297 309
297 310
297 359
298 299
298 300
298 301
298 302
298 303
298 304
298 305
298 306
298 307
298 308
298 309
298 310
298 311
298 585
299 300
299 301
299 303
299 304
299 305
299 306
299 307
299 308
299 309
299 310
299 311
299 312
299 680
300 301
300 303
300 304
300 306
300 307
300 308
300 309
300 310
300 311
300 312
300 313
300 588
300 541
301 302
301 303
301 304
301 305
301 306
301 307
301 308
301 309
301 310
301 311
301 312
301 313
301 314
302 303
302 304
302 305
302 306
302 307
302 308
302 309
302 310
302 311
302 312
302 313
302 315
302 405
302 470
302 365
303 304
303 305
303 306
303 307
303 308
303 309
303 311
303 312
303 313
303 314
303 315
303 316
304 306
304 307
304 308
304 309
304 311
304 312
304 313
304 314
304 315
304 316
304 317
304 726
304 644
305 306
305 307
305 308
305 309
305 310
305 311
305 312
305 313
305 314
305 315
305 316
305 317
305 318
306 307
306 308
306 309
306 310
306 311
306 313
306 314
306 315
306 316
306 319
306 722
306 715
306 604
307 308
307 309
307 310
307 311
307 312
307 314
307 315
307 316
307 317
307 318
308 309
308 310
308 311
308 312
308 313
308 314
308 315
308 316
308 317
308 318
308 319
308 320
308 321
308 746
309 310
309 311
309 312
309 313
309 314
309 315
309 316
309 317
309 319
309 320
309 321
309 322
309 492
310 311
310 312
310 313
310 314
310 315
310 316
310 317
310 318
310 319
310 320
310 322
310 323
310 432
310 524
311 312
311 313
311 315
311 316
311 317
311 318
311 319
311 320
311 321
311 322
311 323
311 324
311 531
312 313
312 314
312 315
312 316
312 317
312 318
312 319
312 320
312 321
312 323
312 718
313 314
313 315
313 316
313 317
313 318
313 319
313 320
313 321
313 322
313 323
313 324
313 325
313 326
313 726
313 613
314 315
314 316
314 317
314 318
314 319
314 320
314 321
314 322
314 323
314 324
314 325
314 326
314 327
314 658
314 669
314 585
315 316
315 318
315 319
315 320
315 321
315 322
315 323
315 324
315 325
315 326
315 327
315 328
315 688
316 317
316 319
316 320
316 321
316 322
316 323
316 324
316 325
316 326
316 327
316 328
316 616
317 318
317 320
317 321
317 322
317 323
317 324
317 325
317 326
317 327
317 328
317 329
317 330
317 651
318 319
318 320
318 321
318 322
318 323
318 324
318 326
318 327
318 328
318 329
318 330
318 331
318 683
319 320
319 321
319 322
319 323
319 324
319 325
319 326
319 327
319 328
319 329
319 330
319 331
319 332
320 321
320 322
320 323
320 324
320 325
320 326
320 327
320 328
320 329
320 330
320 331
320 333
320 430
321 322
321 323
321 324
321 325
321 326
321 327
321 328
321 329
321 331
321 333
321 334
321 764
321 693
322 324
322 326
322 327
322 328
322 329
322 330
322 331
322 332
322 333
322 334
322 335
322 764
322 444
322 789
322 605
322 655
323 324
323 325
323 326
323 328
323 329
323 330
323 332
323 333
323 334
323 335
323 336
323 451
324 326
324 327
324 328
324 329
324 331
324 333
324 334
324 335
324 336
324 337
324 359
324 543
324 459
324 725
325 326
325 327
325 328
325 329
325 330
325 331
325 332
325 333
325 334
325 336
325 337
325 338
325 698
325 386
326 327
326 328
326 329
326 330
326 332
326 333
326 334
326 335
326 337
326 338
326 339
326 615
327 328
327 329
327 330
327 331
327 332
327 333
327 334
327 335
327 336
327 337
327 338
327 339
327 717
328 329
328 330
328 331
328 332
328 334
328 335
328 336
328 337
328 338
328 339
328 340
328 341
328 429
329 330
329 331
329 332
329 333
329 334
329 335
329 336
329 337
329 338
329 339
329 340
329 341
329 342
329 505
330 331
330 332
330 333
330 334
330 335
330 336
330 338
330 339
330 340
330 342
330 343
330 554
330 433
330 629
330 475
331 332
331 333
331 334
331 335
331 336
331 338
331 339
331 340
331 341
331 342
331 343
331 344
332 333
332 335
332 336
332 337
332 338
332 340
332 341
332 342
332 343
332 344
332 345
332 671
332 731
332 432
333 334
333 335
333 336
333 337
333 339
333 340
333 341
333 342
333 343
333 344
333 345
333 346
333 639
334 336
334 337
334 338
334 339
334 340
334 341
334 342
334 343
334 345
334 346
334 347
334 637
334 383
334 572
335 336
335 337
335 338
335 340
335 341
335 342
335 343
335 344
335 345
335 346
335 347
335 348
336 337
336 338
336 339
336 340
336 341
336 342
336 343
336 344
336 345
336 346
336 347
336 348
336 349
336 626
336 651
337 338
337 339
337 341
337 342
337 343
337 344
337 345
337 346
337 347
337 348
337 349
337 350
337 491
338 339
338 340
338 341
338 342
338 343
338 344
338 346
338 347
338 348
338 349
338 350
338 351
338 470
338 591
339 340
339 342
339 343
339 344
339 345
339 346
339 347
339 348
339 349
339 350
339 351
339 352
339 770
340 341
340 342
340 343
340 345
340 346
340 347
340 348
340 349
340 350
340 351
340 352
340 353
340 672
340 739
341 342
341 343
341 344
341 345
341 346
341 347
341 348
341 349
341 350
341 352
341 353
341 354
341 686
342 344
342 345
342 346
342 347
342 348
342 349
342 350
342 352
342 353
342 354
342 355
342 503
342 621
342 437
342 366
342 794
343 344
343 345
343 346
343 347
343 348
343 349
343 350
343 351
343 352
343 353
343 354
343 356
343 545
344 345
344 348
344 349
344 350
344 351
344 352
344 353
344 354
344 355
344 356
344 357
344 508
345 346
345 347
345 348
345 349
345 350
345 351
345 352
345 353
345 355
345 357
345 358
345 370
345 791
346 347
346 348
346 349
346 350
346 351
346 352
346 353
346 354
346 355
346 356
346 357
346 358
346 359
347 348
347 349
347 350
347 351
347 352
347 353
347 354
347 355
347 356
347 357
347 358
347 360
348 349
348 350
348 352
348 353
348 354
348 355
348 356
348 357
348 359
348 360
348 361
348 597
348 784
349 350
349 351
349 353
349 354
349 355
349 356
349 357
349 358
349 360
349 361
349 362
349 452
349 736
349 511
350 352
350 354
350 355
350 356
350 357
350 358
350 359
350 360
350 361
350 362
350 363
350 515
351 352
351 353
351 354
351 355
351 357
351 358
351 359
351 360
351 362
351 363
351 364
351 712
351 456
351 458
352 353
352 354
352 355
352 356
352 357
352 358
352 359
352 360
352 361
352 362
352 363
352 364
352 365
353 354
353 355
353 356
353 357
353 358
353 360
353 361
353 362
353 363
353 364
353 365
353 723
353 785
354 355
354 356
354 357
354 358
354 359
354 360
354 361
354 362
354 363
354 364
354 365
354 366
354 367
354 674
355 356
355 357
355 358
355 359
355 360
355 361
355 363
355 364
355 365
355 366
355 368
355 767
356 357
356 358
356 359
356 360
356 362
356 363
356 364
356 365
356 366
356 369
356 509
356 552
356 379
357 358
357 359
357 360
357 361
357 362
357 363
357 364
357 365
357 366
357 367
357 368
357 369
357 370
357 457
358 361
358 363
358 364
358 366
358 367
358 368
358 369
358 370
358 371
358 676
358 642
359 361
359 362
359 363
359 364
359 365
359 366
359 367
359 368
359 369
359 370
359 371
359 372
359 414
360 361
360 362
360 363
360 364
360 365
360 366
360 367
360 368
360 369
360 370
360 371
360 372
360 373
361 362
361 363
361 364
361 365
361 366
361 367
361 368
361 369
361 370
361 372
361 374
361 424
361 658
362 363
362 364
362 365
362 366
362 367
362 368
362 369
362 370
362 371
362 373
362 374
362 375
362 757
363 365
363 366
363 368
363 369
363 370
363 371
363 372
363 373
363 375
363 376
363 664
363 698
364 365
364 366
364 367
364 368
364 369
364 370
364 371
364 372
364 373
364 374
364 375
364 376
364 377
365 366
365 368
365 369
365 370
365 371
365 372
365 373
365 374
365 375
365 376
365 377
365 378
366 367
366 368
366 369
366 370
366 371
366 373
366 374
366 375
366 376
366 377
366 379
366 705
367 368
367 370
367 371
367 372
367 373
367 374
367 375
367 376
367 379
367 380
367 596
367 444
368 369
368 370
368 371
368 372
368 373
368 374
368 376
368 377
368 378
368 379
368 380
368 381
368 727
369 370
369 371
369 372
369 373
369 375
369 376
369 377
369 378
369 381
369 382
369 431
369 698
370 371
370 372
370 373
370 374
370 375
370 376
370 377
370 379
370 380
370 381
370 382
370 383
370 615
371 372
371 373
371 375
371 376
371 377
371 378
371 379
371 380
371 381
371 382
371 383
371 384
371 687
371 610
371 394
372 374
372 375
372 376
372 377
372 378
372 379
372 380
372 381
372 382
372 383
372 384
372 385
372 419
373 374
373 375
373 376
373 377
373 378
373 379
373 381
373 382
373 383
373 384
373 385
373 386
373 617
374 375
374 376
374 377
374 378
374 379
374 380
374 381
374 382
374 383
374 384
374 385
374 386
374 387
374 404
375 376
375 377
375 378
375 379
375 380
375 381
375 382
375 383
375 384
375 385
375 387
375 388
375 512
376 377
376 378
376 379
376 380
376 381
376 382
376 383
376 384
376 385
376 386
376 387
376 388
376 389
376 664
377 378
377 379
377 380
377 381
377 382
377 383
377 385
377 386
377 387
377 388
377 389
377 390
377 630
377 507
378 379
378 380
378 381
378 382
378 383
378 384
378 385
378 386
378 388
378 389
378 390
378 391
379 380
379 382
379 383
379 384
379 385
379 386
379 387
379 388
379 389
379 390
379 391
379 768
379 498
380 381
380 382
380 383
380 384
380 385
380 386
380 387
380 388
380 389
380 390
380 391
380 392
380 393
380 435
381 382
381 383
381 384
381 386
381 387
381 388
381 389
381 390
381 391
381 392
381 394
381 435
382 383
382 384
382 385
382 386
382 387
382 388
382 389
382 390
382 391
382 392
382 393
382 394
382 395
382 780
383 384
383 385
383 386
383 387
383 388
383 390
383 391
383 392
383 393
383 394
383 395
383 396
383 755
384 385
384 387
384 388
384 389
384 390
384 391
384 392
384 393
384 394
384 395
384 397
384 764
384 571
385 386
385 387
385 388
385 389
385 390
385 391
385 392
385 393
385 394
385 395
385 396
385 397
385 398
385 782
386 388
386 389
386 390
386 391
386 392
386 393
386 395
386 396
386 398
386 399
386 416
386 758
387 388
387 389
387 390
387 391
387 392
387 394
387 395
387 396
387 397
387 399
387 400
387 747
387 692
388 389
388 390
388 391
388 392
388 393
388 394
388 395
388 396
388 397
388 398
388 399
388 400
388 401
389 390
389 391
389 392
389 393
389 395
389 396
389 397
389 398
389 399
389 400
389 401
389 402
389 503
389 498
390 392
390 393
390 394
390 395
390 396
390 397
390 398
390 399
390 400
390 401
390 402
390 403
390 545
391 392
391 393
391 394
391 395
391 396
391 397
391 398
391 399
391 400
391 401
391 402
391 403
391 404
391 600
391 740
392 393
392 394
392 395
392 397
392 398
392 399
392 400
392 401
392 402
392 403
392 404
392 405
392 421
393 394
393 396
393 397
393 398
393 399
393 401
393 402
393 403
393 404
393 405
393 406
393 702
393 650
393 621
394 395
394 396
394 397
394 398
394 400
394 401
394 402
394 403
394 404
394 405
394 407
394 410
394 490
394 622
395 396
395 397
395 398
395 399
395 400
395 401
395 403
395 404
395 405
395 406
395 407
395 408
396 397
396 398
396 399
396 400
396 401
396 402
396 403
396 404
396 406
396 407
396 408
396 409
396 725
396 744
397 398
397 399
397 400
397 401
397 402
397 403
397 404
397 405
397 406
397 407
397 408
397 409
397 410
397 416
398 400
398 402
398 403
398 405
398 406
398 407
398 408
398 409
398 410
398 411
399 400
399 401
399 403
399 404
399 405
399 407
399 408
399 409
399 410
399 411
399 412
399 601
399 713
400 401
400 403
400 404
400 405
400 406
400 407
400 408
400 410
400 412
400 413
400 474
400 534
400 541
401 402
401 403
401 405
401 406
401 407
401 408
401 409
401 410
401 411
401 412
401 413
401 414
402 404
402 405
402 406
402 407
402 408
402 409
402 410
402 411
402 412
402 413
402 414
402 415
402 493
402 729
402 448
402 640
403 405
403 406
403 407
403 408
403 409
403 410
403 411
403 412
403 413
403 414
403 415
403 416
403 615
404 405
404 406
404 408
404 409
404 410
404 411
404 412
404 413
404 414
404 415
404 416
404 417
404 465
405 406
405 407
405 408
405 409
405 410
405 411
405 412
405 413
405 414
405 416
405 417
405 418
406 407
406 408
406 409
406 410
406 411
406 412
406 413
406 414
406 415
406 416
406 417
406 418
406 419
407 408
407 409
407 410
407 411
407 412
407 413
407 414
407 415
407 416
407 417
407 418
407 419
407 420
408 409
408 410
408 412
408 413
408 414
408 415
408 416
408 417
408 418
408 419
408 420
408 421
409 410
409 411
409 413
409 414
409 415
409 416
409 417
409 419
409 420
409 421
409 422
409 550
409 658
410 411
410 412
410 413
410 414
410 415
410 417
410 418
410 419
410 420
410 421
410 422
410 423
410 512
411 412
411 413
411 414
411 415
411 416
411 418
411 420
411 421
411 422
411 423
411 627
411 559
412 413
412 414
412 415
412 416
412 417
412 418
412 419
412 420
412 421
412 422
412 423
412 424
412 425
412 440
413 414
413 415
413 416
413 417
413 418
413 419
413 420
413 421
413 422
413 423
413 424
413 425
413 426
413 467
413 450
414 415
414 416
414 417
414 418
414 419
414 420
414 421
414 422
414 423
414 424
414 426
414 427
415 416
415 417
415 418
415 419
415 420
415 421
415 422
415 423
415 424
415 425
415 426
415 427
415 428
415 697
416 417
416 418
416 419
416 422
416 423
416 424
416 425
416 426
416 427
416 428
416 429
416 584
416 657
416 502
416 531
416 532
417 418
417 419
417 420
417 422
417 423
417 424
417 425
417 426
417 427
417 429
417 430
417 443
417 520
418 419
418 420
418 421
418 422
418 423
418 424
418 426
418 427
418 428
418 429
418 430
418 431
418 642
419 420
419 421
419 422
419 423
419 424
419 425
419 426
419 427
419 428
419 429
419 431
419 432
419 763
420 421
420 422
420 423
420 424
420 425
420 426
420 427
420 428
420 429
420 430
420 431
420 432
420 433
421 422
421 423
421 424
421 425
421 426
421 427
421 429
421 430
421 431
421 433
421 434
421 762
421 511
422 423
422 424
422 425
422 426
422 427
422 428
422 429
422 430
422 432
422 433
422 434
422 435
422 546
422 695
423 424
423 425
423 426
423 427
423 428
423 429
423 430
423 431
423 432
423 433
423 435
423 455
423 484
424 425
424 426
424 427
424 428
424 429
424 430
424 432
424 433
424 434
424 435
424 436
424 437
425 426
425 427
425 428
425 429
425 430
425 431
425 432
425 433
425 434
425 435
425 436
425 437
425 438
426 427
426 428
426 429
426 430
426 431
426 432
426 433
426 434
426 436
426 437
426 438
426 439
427 429
427 430
427 431
427 432
427 433
427 434
427 435
427 436
427 437
427 438
427 440
427 566
427 711
427 703
428 429
428 430
428 431
428 432
428 433
428 434
428 435
428 436
428 437
428 438
428 439
428 440
428 441
429 430
429 431
429 432
429 435
429 436
429 437
429 438
429 439
429 440
429 441
429 442
429 526
429 619
430 431
430 432
430 433
430 435
430 436
430 437
430 438
430 439
430 440
430 443
430 627
430 490
430 732
430 697
431 432
431 433
431 434
431 435
431 436
431 437
431 439
431 440
431 441
431 442
431 443
431 444
432 433
432 435
432 436
432 437
432 438
432 439
432 440
432 441
432 442
432 443
432 444
432 776
433 434
433 436
433 437
433 438
433 440
433 441
433 442
433 444
433 445
433 525
433 508
433 679
433 667
433 709
434 435
434 436
434 437
434 438
434 440
434 441
434 442
434 443
434 445
434 446
434 447
434 549
434 534
434 689
434 645
435 436
435 437
435 438
435 439
435 440
435 441
435 442
435 443
435 444
435 446
435 447
435 708
435 468
436 437
436 438
436 439
436 440
436 441
436 442
436 443
436 444
436 445
436 446
436 447
436 448
436 449
437 438
437 439
437 441
437 443
437 444
437 445
437 446
437 447
437 448
437 449
437 450
437 559
438 439
438 440
438 441
438 442
438 443
438 444
438 446
438 447
438 449
438 450
438 451
438 569
438 730
439 440
439 441
439 442
439 443
439 444
439 445
439 446
439 447
439 448
439 449
439 450
439 451
439 452
440 441
440 442
440 443
440 444
440 446
440 447
440 448
440 449
440 450
440 452
440 453
441 442
441 443
441 444
441 445
441 446
441 448
441 449
441 450
441 451
441 452
441 453
441 454
441 744
442 443
442 444
442 445
442 446
442 447
442 448
442 449
442 450
442 451
442 452
442 454
442 455
443 444
443 445
443 446
443 447
443 448
443 449
443 450
443 451
443 452
443 453
443 454
443 455
443 456
443 791
443 573
444 445
444 446
444 447
444 448
444 449
444 450
444 451
444 452
444 453
444 455
444 456
444 457
444 757
445 446
445 447
445 448
445 449
445 452
445 453
445 454
445 455
445 456
445 457
445 458
445 565
446 448
446 450
446 451
446 452
446 453
446 454
446 455
446 456
446 457
446 458
446 459
446 604
447 448
447 449
447 450
447 451
447 452
447 453
447 454
447 455
447 456
447 457
447 458
447 459
447 460
448 449
448 451
448 452
448 453
448 454
448 455
448 456
448 457
448 458
448 460
448 461
448 764
448 603
448 569
449 450
449 451
449 452
449 453
449 454
449 455
449 456
449 457
449 458
449 459
449 460
449 461
449 462
449 479
450 451
450 452
450 453
450 454
450 455
450 456
450 457
450 458
450 462
450 463
450 780
450 795
451 452
451 453
451 454
451 457
451 458
451 459
451 461
451 463
451 464
451 652
451 718
451 683
452 453
452 454
452 455
452 456
452 457
452 458
452 459
452 460
452 461
452 462
452 463
452 465
452 476
453 454
453 455
453 456
453 457
453 458
453 461
453 462
453 463
453 464
453 465
453 466
454 455
454 456
454 457
454 458
454 459
454 460
454 461
454 462
454 464
454 465
454 466
454 467
454 724
454 620
455 456
455 457
455 458
455 459
455 460
455 461
455 462
455 463
455 464
455 465
455 466
455 467
455 468
456 457
456 458
456 459
456 460
456 461
456 462
456 463
456 465
456 466
456 468
456 469
456 649
457 459
457 460
457 461
457 462
457 463
457 464
457 465
457 466
457 467
457 469
457 470
457 740
458 459
458 460
458 461
458 462
458 463
458 464
458 465
458 466
458 467
458 468
458 469
458 470
458 471
459 460
459 461
459 462
459 463
459 465
459 466
459 467
459 469
459 471
459 472
459 561
459 758
459 628
460 461
460 462
460 463
460 464
460 465
460 466
460 467
460 468
460 469
460 470
460 471
460 472
460 473
460 683
461 462
461 463
461 464
461 465
461 466
461 467
461 468
461 470
461 471
461 472
461 474
462 463
462 464
462 465
462 466
462 467
462 468
462 469
462 470
462 471
462 472
462 473
462 474
462 475
463 464
463 465
463 466
463 467
463 468
463 469
463 470
463 471
463 472
463 473
463 474
463 475
464 465
464 466
464 467
464 468
464 469
464 470
464 471
464 472
464 473
464 474
464 475
464 476
464 477
464 487
465 466
465 467
465 468
465 470
465 471
465 472
465 474
465 476
465 477
465 478
465 492
466 467
466 468
466 469
466 470
466 471
466 472
466 474
466 475
466 476
466 477
466 478
466 479
467 468
467 470
467 471
467 472
467 473
467 474
467 475
467 476
467 477
467 478
467 479
467 480
467 710
468 469
468 470
468 471
468 472
468 473
468 474
468 475
468 476
468 477
468 478
468 480
468 481
468 796
469 470
469 472
469 473
469 474
469 475
469 476
469 477
469 478
469 479
469 480
469 481
469 482
470 471
470 472
470 473
470 475
470 476
470 477
470 478
470 479
470 480
470 482
470 521
470 683
471 472
471 473
471 474
471 475
471 476
471 477
471 478
471 479
471 480
471 481
471 482
471 483
471 484
471 791
472 473
472 475
472 476
472 477
472 478
472 479
472 480
472 481
472 482
472 484
472 485
472 544
472 513
473 474
473 475
473 476
473 477
473 478
473 479
473 480
473 481
473 482
473 483
473 484
473 485
473 486
473 549
474 476
474 477
474 478
474 479
474 480
474 481
474 482
474 483
474 484
474 486
474 487
474 667
475 476
475 477
475 478
475 479
475 480
475 481
475 482
475 483
475 484
475 485
475 486
475 487
476 477
476 478
476 480
476 481
476 482
476 483
476 484
476 486
476 488
476 489
476 593
476 705
476 597
476 507
477 478
477 479
477 480
477 481
477 482
477 483
477 484
477 486
477 487
477 488
477 490
477 715
477 608
478 479
478 480
478 481
478 482
478 483
478 484
478 485
478 486
478 487
478 488
478 489
478 490
478 491
479 480
479 481
479 482
479 483
479 484
479 485
479 486
479 487
479 488
479 490
479 491
479 492
480 481
480 482
480 483
480 484
480 485
480 486
480 487
480 488
480 489
480 490
480 491
480 492
480 493
480 708
480 748
481 482
481 483
481 484
481 485
481 486
481 487
481 488
481 489
481 490
481 491
481 492
481 493
481 494
482 483
482 484
482 485
482 486
482 487
482 488
482 489
482 490
482 491
482 493
482 494
482 495
482 666
483 484
483 485
483 486
483 487
483 488
483 489
483 490
483 491
483 492
483 493
483 494
483 495
483 496
484 485
484 486
484 487
484 488
484 489
484 490
484 492
484 493
484 494
484 495
484 496
484 497
484 539
485 486
485 487
485 488
485 489
485 490
485 491
485 492
485 493
485 494
485 495
485 496
485 497
485 498
486 487
486 489
486 490
486 491
486 492
486 493
486 494
486 495
486 496
486 497
486 498
486 499
486 708
487 488
487 489
487 490
487 491
487 492
487 493
487 494
487 495
487 497
487 498
487 500
488 489
488 490
488 492
488 493
488 494
488 495
488 496
488 497
488 498
488 499
488 500
488 501
488 506
489 490
489 491
489 492
489 493
489 494
489 495
489 496
489 497
489 498
489 499
489 500
489 501
489 502
490 491
490 492
490 493
490 494
490 495
490 496
490 498
490 499
490 500
490 501
490 502
490 503
491 492
491 493
491 494
491 495
491 496
491 497
491 499
491 500
491 501
491 502
491 503
491 504
491 788
492 493
492 494
492 495
492 496
492 498
492 499
492 500
492 501
492 502
492 505
492 761
492 699
493 494
493 495
493 496
493 497
493 498
493 499
493 500
493 501
493 504
493 505
493 506
493 784
494 495
494 496
494 497
494 498
494 499
494 500
494 501
494 502
494 503
494 504
494 505
494 506
494 507
495 496
495 497
495 498
495 499
495 500
495 501
495 502
495 503
495 504
495 505
495 506
495 786
495 572
496 497
496 498
496 499
496 500
496 501
496 502
496 503
496 504
496 505
496 506
496 507
496 508
496 509
497 498
497 499
497 500
497 501
497 502
497 503
497 504
497 505
497 506
497 507
497 508
497 509
497 510
498 499
498 500
498 501
498 502
498 503
498 504
498 505
498 506
498 507
498 508
498 510
498 511
499 500
499 501
499 502
499 503
499 504
499 505
499 506
499 507
499 508
499 509
499 510
499 511
500 501
500 502
500 503
500 504
500 505
500 506
500 507
500 509
500 510
500 511
500 512
500 623
500 757
501 502
501 503
501 504
501 505
501 506
501 507
501 508
501 509
501 511
501 512
501 513
501 514
501 703
502 503
502 504
502 505
502 506
502 507
502 508
502 510
502 511
502 512
502 513
502 514
502 515
503 504
503 507
503 508
503 509
503 510
503 511
503 513
503 514
503 515
503 516
503 666
503 646
504 505
504 506
504 507
504 508
504 509
504 510
504 511
504 512
504 513
504 514
504 515
504 516
505 506
505 507
505 508
505 509
505 510
505 511
505 512
505 513
505 514
505 515
505 516
505 518
506 507
506 508
506 509
506 510
506 511
506 512
506 514
506 515
506 516
506 517
506 518
506 519
507 508
507 509
507 511
507 512
507 513
507 514
507 515
507 516
507 517
507 518
507 519
507 520
508 509
508 511
508 512
508 513
508 514
508 515
508 516
508 517
508 518
508 520
508 521
508 632
509 510
509 511
509 512
509 513
509 514
509 515
509 516
509 517
509 518
509 519
509 520
509 522
510 512
510 513
510 514
510 515
510 516
510 517
510 518
510 519
510 522
510 523
510 774
511 512
511 513
511 514
511 515
511 516
511 517
511 518
511 519
511 520
511 523
511 524
511 528
511 526
511 623
512 513
512 514
512 515
512 516
512 517
512 518
512 519
512 520
512 521
512 522
512 525
512 714
513 514
513 515
513 516
513 517
513 518
513 519
513 520
513 521
513 522
513 523
513 524
513 526
513 612
514 515
514 516
514 518
514 519
514 520
514 521
514 522
514 523
514 524
514 525
514 526
514 527
514 744
514 649
515 516
515 517
515 518
515 519
515 520
515 521
515 522
515 523
515 524
515 525
515 526
515 527
515 528
515 674
516 517
516 518
516 519
516 520
516 521
516 522
516 523
516 524
516 525
516 526
516 527
516 529
516 774
517 518
517 519
517 520
517 521
517 522
517 523
517 524
517 525
517 527
517 528
517 529
517 530
517 656
518 519
518 520
518 521
518 522
518 523
518 524
518 525
518 526
518 527
518 528
518 529
518 530
518 531
518 538
519 520
519 521
519 522
519 523
519 524
519 525
519 526
519 527
519 528
519 529
519 530
519 532
520 521
520 523
520 524
520 525
520 526
520 527
520 528
520 529
520 530
520 531
520 532
520 716
521 522
521 523
521 524
521 525
521 526
521 527
521 528
521 529
521 530
521 531
521 533
521 534
522 524
522 525
522 526
522 527
522 528
522 529
522 530
522 531
522 532
522 533
522 534
522 535
522 755
522 605
522 600
522 793
523 524
523 525
523 526
523 527
523 528
523 529
523 530
523 531
523 532
523 533
523 534
523 535
523 536
524 525
524 526
524 527
524 528
524 531
524 532
524 533
524 534
524 535
524 536
524 537
524 735
525 526
525 527
525 529
525 530
525 531
525 532
525 533
525 534
525 535
525 536
525 537
525 538
525 756
526 527
526 528
526 529
526 530
526 532
526 533
526 534
526 535
526 536
526 537
526 539
526 572
527 529
527 530
527 531
527 532
527 533
527 534
527 536
527 537
527 538
527 539
527 540
527 756
527 792
528 529
528 530
528 531
528 532
528 533
528 534
528 537
528 538
528 539
528 540
528 541
529 530
529 531
529 532
529 533
529 534
529 535
529 536
529 537
529 538
529 539
529 540
529 541
529 542
529 755
529 722
529 649
530 531
530 532
530 533
530 534
530 535
530 536
530 537
530 539
530 540
530 541
530 542
530 543
530 653
531 533
531 535
531 536
531 537
531 538
531 539
531 540
531 541
531 543
531 544
531 634
532 533
532 534
532 535
532 536
532 537
532 538
532 539
532 540
532 542
532 543
532 545
532 547
532 633
533 534
533 536
533 537
533 538
533 539
533 541
533 542
533 543
533 544
533 545
533 578
533 603
533 763
534 535
534 536
534 537
534 538
534 539
534 540
534 541
534 542
534 543
534 544
534 545
534 546
534 547
534 799
535 536
535 537
535 538
535 539
535 540
535 541
535 542
535 543
535 544
535 545
535 546
535 547
535 548
536 537
536 538
536 539
536 540
536 541
536 542
536 544
536 545
536 546
536 547
536 548
536 549
537 539
537 540
537 541
537 542
537 543
537 544
537 545
537 546
537 547
537 548
537 550
537 722
538 539
538 540
538 542
538 544
538 545
538 546
538 547
538 548
538 549
538 550
538 551
538 568
539 540
539 541
539 542
539 543
539 544
539 545
539 546
539 547
539 549
539 550
539 551
539 552
540 541
540 542
540 543
540 544
540 545
540 546
540 547
540 548
540 550
540 551
540 552
540 553
540 731
540 696
541 542
541 543
541 545
541 546
541 547
541 548
541 549
541 550
541 551
541 552
541 654
541 633
542 543
542 544
542 545
542 546
542 547
542 548
542 549
542 550
542 551
542 552
542 553
542 554
542 555
542 672
542 688
543 544
543 546
543 547
543 548
543 549
543 550
543 551
543 552
543 553
543 554
543 555
543 556
543 728
543 718
544 545
544 546
544 548
544 549
544 550
544 552
544 553
544 554
544 555
544 556
544 557
545 546
545 547
545 548
545 549
545 551
545 552
545 553
545 554
545 555
545 556
545 557
545 558
545 668
546 550
546 551
546 552
546 553
546 554
546 557
546 558
546 559
546 624
546 694
547 548
547 550
547 551
547 553
547 554
547 555
547 556
547 557
547 558
547 559
548 549
548 550
548 551
548 552
548 553
548 554
548 555
548 556
548 557
548 558
548 559
548 560
548 561
548 696
549 550
549 551
549 552
549 554
549 555
549 556
549 557
549 559
549 560
549 561
549 562
550 551
550 552
550 553
550 554
550 555
550 556
550 557
550 558
550 559
550 560
550 561
550 563
550 622
551 552
551 553
551 554
551 555
551 556
551 557
551 559
551 560
551 561
551 562
551 563
551 564
552 553
552 554
552 555
552 556
552 557
552 558
552 559
552 560
552 562
552 564
552 565
552 661
553 554
553 555
553 556
553 557
553 558
553 559
553 560
553 561
553 562
553 563
553 565
553 566
554 555
554 556
554 557
554 558
554 559
554 560
554 561
554 562
554 564
554 565
554 566
554 567
555 556
555 557
555 558
555 559
555 560
555 561
555 562
555 563
555 564
555 565
555 566
555 567
555 568
556 557
556 558
556 559
556 560
556 561
556 562
556 563
556 564
556 565
556 566
556 568
556 569
557 558
557 559
557 560
557 561
557 562
557 563
557 564
557 565
557 566
557 567
557 569
557 570
557 786
558 559
558 560
558 561
558 562
558 563
558 564
558 565
558 566
558 567
558 568
558 569
558 570
558 571
558 618
559 560
559 561
559 563
559 564
559 565
559 566
559 567
559 568
559 569
559 570
559 571
559 572
560 561
560 562
560 563
560 564
560 565
560 566
560 567
560 568
560 569
560 570
560 572
560 573
560 677
561 562
561 563
561 564
561 565
561 566
561 567
561 568
561 569
561 570
561 571
561 572
561 573
561 574
562 563
562 564
562 565
562 566
562 567
562 568
562 569
562 570
562 571
562 572
562 573
562 574
562 575
563 564
563 565
563 566
563 567
563 568
563 569
563 570
563 571
563 572
563 573
563 574
563 575
563 576
564 565
564 566
564 567
564 570
564 571
564 572
564 573
564 574
564 575
564 576
564 577
564 745
565 566
565 567
565 568
565 569
565 570
565 571
565 572
565 573
565 574
565 575
565 576
565 577
565 578
566 567
566 568
566 569
566 570
566 571
566 572
566 573
566 574
566 575
566 576
566 577
566 578
566 579
567 568
567 569
567 570
567 571
567 572
567 573
567 574
567 575
567 576
567 577
567 578
567 579
567 580
568 569
568 570
568 571
568 572
568 573
568 576
568 577
568 578
568 579
568 581
569 570
569 571
569 572
569 573
569 574
569 576
569 577
569 578
569 579
569 580
569 581
569 582
570 572
570 573
570 574
570 576
570 578
570 579
570 581
570 582
570 583
570 741
571 572
571 573
571 574
571 575
571 576
571 577
571 578
571 579
571 581
571 582
571 583
571 584
571 799
572 573
572 574
572 575
572 576
572 577
572 578
572 579
572 582
572 583
572 585
572 706
572 731
573 574
573 575
573 576
573 577
573 578
573 579
573 580
573 581
573 583
573 584
573 585
573 586
573 726
574 575
574 576
574 577
574 579
574 580
574 581
574 582
574 584
574 585
574 586
574 587
574 605
575 576
575 577
575 578
575 579
575 580
575 581
575 582
575 583
575 584
575 585
575 587
575 594
576 577
576 578
576 579
576 580
576 581
576 582
576 583
576 584
576 585
576 586
576 587
576 588
576 589
577 578
577 580
577 583
577 584
577 585
577 586
577 587
577 588
577 589
577 590
577 727
578 579
578 580
578 581
578 582
578 583
578 584
578 585
578 586
578 587
578 588
578 589
578 591
578 729
579 580
579 581
579 582
579 583
579 584
579 585
579 586
579 587
579 588
579 589
579 590
579 591
579 592
580 581
580 582
580 583
580 584
580 585
580 586
580 587
580 588
580 589
580 590
580 591
580 592
580 593
580 661
581 582
581 583
581 584
581 585
581 586
581 587
581 588
581 589
581 590
581 591
581 592
581 593
581 594
582 583
582 584
582 585
582 586
582 587
582 588
582 589
582 590
582 591
582 593
582 594
582 595
582 639
583 584
583 585
583 586
583 587
583 588
583 589
583 590
583 591
583 593
583 594
583 595
583 596
584 586
584 587
584 588
584 589
584 590
584 591
584 592
584 593
584 594
584 595
584 596
585 586
585 587
585 588
585 589
585 591
585 592
585 593
585 595
585 597
585 598
586 587
586 588
586 589
586 590
586 591
586 592
586 593
586 594
586 595
586 596
586 597
586 598
586 599
586 645
587 588
587 589
587 590
587 592
587 593
587 594
587 595
587 596
587 597
587 598
587 599
587 600
587 726
588 589
588 590
588 591
588 592
588 593
588 594
588 595
588 596
588 597
588 598
588 599
588 601
588 754
588 694
589 590
589 591
589 592
589 593
589 594
589 595
589 596
589 597
589 598
589 599
589 600
589 601
589 602
589 640
590 591
590 592
590 593
590 594
590 595
590 596
590 597
590 599
590 600
590 601
590 602
590 603
590 706
591 592
591 593
591 594
591 595
591 596
591 597
591 598
591 599
591 600
591 601
591 602
591 603
591 604
592 593
592 596
592 597
592 598
592 599
592 601
592 602
592 603
592 604
592 640
592 692
593 595
593 596
593 598
593 599
593 600
593 601
593 602
593 603
593 604
593 605
593 606
593 694
594 596
594 597
594 598
594 599
594 600
594 601
594 602
594 603
594 604
594 605
594 606
594 607
595 596
595 597
595 598
595 599
595 600
595 601
595 602
595 603
595 604
595 605
595 606
595 607
595 608
596 597
596 598
596 599
596 600
596 601
596 602
596 603
596 606
596 607
596 608
596 609
596 615
596 622
597 598
597 599
597 600
597 601
597 602
597 603
597 604
597 605
597 606
597 607
597 608
597 609
598 599
598 600
598 601
598 603
598 604
598 605
598 606
598 607
598 608
598 609
598 610
598 611
599 600
599 601
599 602
599 603
599 604
599 605
599 606
599 607
599 608
599 609
599 610
599 611
599 612
600 601
600 602
600 603
600 604
600 605
600 606
600 609
600 610
600 611
600 612
600 613
600 661
601 602
601 604
601 605
601 606
601 607
601 608
601 609
601 610
601 611
601 612
601 613
601 614
602 603
602 604
602 605
602 606
602 607
602 608
602 609
602 610
602 611
602 613
602 614
602 615
602 656
603 605
603 607
603 608
603 609
603 610
603 611
603 612
603 614
603 615
603 616
603 677
604 605
604 607
604 609
604 610
604 612
604 613
604 614
604 615
604 616
604 617
604 712
604 757
604 637
605 606
605 607
605 608
605 609
605 610
605 612
605 614
605 615
605 616
605 617
605 618
606 607
606 608
606 609
606 610
606 611
606 612
606 613
606 614
606 616
606 617
606 618
606 619
607 608
607 609
607 610
607 611
607 612
607 613
607 614
607 616
607 617
607 618
607 619
607 620
608 609
608 610
608 611
608 612
608 613
608 614
608 615
608 616
608 618
608 619
608 620
608 621
609 610
609 611
609 612
609 613
609 614
609 615
609 616
609 617
609 618
609 619
609 620
609 621
609 622
609 713
610 611
610 612
610 614
610 615
610 616
610 617
610 618
610 619
610 620
610 621
610 622
610 623
611 612
611 613
611 614
611 615
611 616
611 617
611 618
611 619
611 620
611 621
611 622
611 623
611 624
611 765
612 613
612 614
612 615
612 616
612 617
612 618
612 619
612 620
612 621
612 622
612 623
612 624
612 625
612 707
613 614
613 615
613 616
613 617
613 618
613 619
613 620
613 621
613 623
613 624
613 625
613 626
614 615
614 617
614 618
614 619
614 620
614 621
614 622
614 623
614 624
614 625
614 626
614 627
614 748
615 617
615 618
615 619
615 620
615 622
615 623
615 624
615 625
615 626
615 627
615 628
616 618
616 619
616 620
616 621
616 622
616 623
616 625
616 626
616 627
616 628
616 629
617 618
617 620
617 621
617 622
617 623
617 624
617 625
617 626
617 627
617 628
617 629
617 630
617 788
618 619
618 620
618 621
618 622
618 624
618 625
618 626
618 627
618 628
618 629
618 630
618 631
619 620
619 621
619 623
619 624
619 626
619 627
619 628
619 629
619 630
619 631
619 632
620 621
620 622
620 623
620 625
620 626
620 627
620 628
620 629
620 630
620 631
620 632
621 622
621 624
621 625
621 626
621 627
621 628
621 629
621 630
621 631
621 632
621 633
621 634
622 623
622 624
622 625
622 626
622 628
622 629
622 631
622 632
622 633
622 757
622 663
623 624
623 625
623 626
623 627
623 628
623 629
623 630
623 631
623 632
623 633
623 635
624 626
624 627
624 628
624 629
624 630
624 631
624 632
624 633
624 634
624 636
624 637
625 626
625 627
625 629
625 630
625 631
625 633
625 634
625 635
625 637
625 638
625 750
626 627
626 628
626 630
626 632
626 633
626 634
626 635
626 636
626 637
626 638
626 769
627 628
627 630
627 632
627 633
627 634
627 635
627 636
627 637
627 638
627 639
627 640
627 733
628 629
628 630
628 631
628 632
628 633
628 634
628 635
628 636
628 637
628 638
628 639
628 640
628 641
629 631
629 632
629 634
629 635
629 637
629 638
629 639
629 640
629 641
629 642
629 796
629 793
630 631
630 633
630 634
630 635
630 636
630 637
630 638
630 639
630 640
630 641
630 642
630 643
631 632
631 633
631 634
631 635
631 636
631 637
631 638
631 640
631 641
631 642
631 643
631 644
631 691
632 633
632 634
632 635
632 636
632 637
632 638
632 639
632 640
632 641
632 643
632 644
632 645
633 634
633 636
633 637
633 638
633 639
633 640
633 641
633 642
633 643
633 644
633 645
633 646
633 790
634 635
634 636
634 637
634 638
634 639
634 640
634 641
634 642
634 643
634 645
634 646
634 647
634 767
635 636
635 637
635 638
635 639
635 640
635 641
635 642
635 644
635 645
635 646
635 647
635 648
636 637
636 638
636 639
636 640
636 641
636 642
636 643
636 644
636 645
636 646
636 647
636 648
636 649
637 638
637 639
637 640
637 641
637 642
637 643
637 644
637 646
637 648
637 649
637 650
638 639
638 641
638 642
638 643
638 644
638 645
638 646
638 647
638 648
638 649
638 651
639 640
639 641
639 642
639 643
639 644
639 645
639 646
639 647
639 648
639 649
639 650
639 651
639 652
640 641
640 642
640 643
640 644
640 645
640 647
640 649
640 650
640 651
640 653
641 642
641 643
641 644
641 645
641 646
641 647
641 648
641 649
641 650
641 651
641 652
641 654
641 781
641 693
642 643
642 644
642 645
642 646
642 647
642 648
642 652
642 653
642 654
642 655
643 644
643 645
643 646
643 647
643 648
643 649
643 650
643 651
643 652
643 653
643 654
643 655
643 656
644 646
644 647
644 648
644 649
644 650
644 651
644 652
644 654
644 655
644 656
644 657
644 731
645 646
645 647
645 648
645 649
645 650
645 651
645 653
645 654
645 655
645 656
645 657
645 658
645 742
646 647
646 648
646 649
646 650
646 651
646 652
646 653
646 654
646 655
646 656
646 657
646 658
646 659
647 648
647 649
647 650
647 652
647 654
647 656
647 657
647 658
647 659
647 660
647 732
648 649
648 650
648 651
648 652
648 653
648 654
648 655
648 656
648 657
648 658
648 659
648 660
648 661
649 650
649 651
649 653
649 654
649 656
649 657
649 658
649 660
649 662
649 740
650 651
650 652
650 654
650 655
650 656
650 657
650 658
650 659
650 660
650 661
650 662
650 663
651 652
651 653
651 654
651 655
651 656
651 657
651 658
651 661
651 662
651 663
651 664
652 653
652 654
652 656
652 657
652 658
652 659
652 660
652 661
652 662
652 663
652 664
652 665
652 737
653 654
653 655
653 656
653 657
653 658
653 659
653 660
653 661
653 662
653 663
653 664
653 665
653 666
653 716
654 655
654 656
654 657
654 658
654 659
654 660
654 663
654 664
654 665
654 667
654 744
655 656
655 657
655 658
655 660
655 661
655 662
655 663
655 665
655 666
655 667
656 657
656 658
656 659
656 660
656 661
656 662
656 663
656 664
656 665
656 666
656 667
656 668
656 669
656 768
657 659
657 660
657 661
657 662
657 663
657 664
657 665
657 668
657 669
657 670
658 659
658 660
658 661
658 662
658 663
658 664
658 665
658 667
658 668
658 671
658 721
658 728
658 764
659 660
659 661
659 662
659 663
659 664
659 665
659 666
659 667
659 669
659 670
659 671
659 672
660 661
660 662
660 663
660 664
660 665
660 666
660 667
660 668
660 669
660 670
660 671
660 672
660 673
661 662
661 663
661 664
661 665
661 666
661 667
661 668
661 669
661 671
661 674
661 759
662 663
662 664
662 665
662 667
662 668
662 670
662 671
662 672
662 673
662 674
662 675
662 732
663 664
663 665
663 667
663 668
663 669
663 670
663 671
663 672
663 673
663 674
663 675
663 676
664 665
664 666
664 667
664 668
664 669
664 670
664 671
664 672
664 673
664 675
664 676
664 677
665 666
665 667
665 668
665 669
665 670
665 671
665 672
665 673
665 674
665 675
665 676
665 678
665 728
666 667
666 668
666 669
666 670
666 671
666 673
666 674
666 675
666 676
666 677
666 678
666 679
666 796
667 668
667 669
667 671
667 672
667 673
667 676
667 677
667 678
667 679
667 680
667 688
668 669
668 671
668 672
668 673
668 675
668 676
668 677
668 678
668 679
668 681
669 670
669 671
669 672
669 673
669 674
669 675
669 676
669 677
669 678
669 681
669 682
669 725
670 671
670 672
670 673
670 674
670 675
670 676
670 678
670 679
670 680
670 681
670 682
670 683
671 672
671 674
671 675
671 676
671 677
671 678
671 679
671 680
671 681
671 682
671 683
671 684
672 673
672 674
672 675
672 676
672 677
672 678
672 679
672 680
672 682
672 683
672 684
672 685
673 674
673 675
673 676
673 677
673 678
673 679
673 680
673 681
673 682
673 683
673 684
673 685
673 686
674 675
674 676
674 678
674 679
674 680
674 681
674 683
674 684
674 686
674 687
674 746
674 777
675 676
675 677
675 678
675 679
675 680
675 681
675 682
675 683
675 684
675 685
675 686
675 687
675 688
676 677
676 678
676 679
676 680
676 681
676 682
676 683
676 684
676 685
676 686
676 687
676 688
676 689
677 678
677 679
677 680
677 681
677 682
677 683
677 684
677 685
677 686
677 687
677 688
677 689
678 680
678 681
678 682
678 683
678 684
678 685
678 686
678 687
678 688
678 689
678 690
678 691
679 680
679 681
679 683
679 684
679 685
679 686
679 687
679 688
679 689
679 690
679 691
679 692
680 681
680 682
680 683
680 684
680 686
680 687
680 688
680 689
680 690
680 691
680 692
680 693
681 682
681 683
681 684
681 685
681 686
681 687
681 688
681 689
681 690
681 691
681 692
681 693
681 694
681 756
682 683
682 684
682 685
682 686
682 687
682 688
682 689
682 690
682 691
682 692
682 693
682 694
682 695
683 684
683 685
683 686
683 687
683 688
683 689
683 690
683 691
683 692
683 693
683 695
683 696
684 685
684 686
684 687
684 688
684 689
684 690
684 691
684 692
684 693
684 695
684 696
684 697
685 687
685 688
685 689
685 690
685 691
685 692
685 693
685 694
685 695
685 696
685 697
685 698
686 687
686 688
686 689
686 690
686 691
686 693
686 694
686 695
686 696
686 697
686 698
686 699
687 689
687 690
687 691
687 692
687 694
687 695
687 696
687 697
687 698
687 699
687 700
688 689
688 691
688 692
688 693
688 694
688 696
688 697
688 698
688 700
688 701
689 690
689 691
689 692
689 693
689 694
689 695
689 697
689 698
689 699
689 700
689 701
689 702
690 691
690 692
690 693
690 694
690 695
690 696
690 697
690 698
690 699
690 701
690 702
690 703
691 692
691 693
691 694
691 695
691 696
691 697
691 698
691 700
691 701
691 702
691 703
691 704
692 693
692 694
692 695
692 696
692 697
692 698
692 700
692 701
692 702
692 703
692 704
692 705
693 694
693 696
693 697
693 698
693 699
693 700
693 701
693 702
693 704
694 695
694 696
694 698
694 699
694 700
694 701
694 702
694 703
694 704
694 705
694 706
694 707
695 696
695 697
695 698
695 699
695 701
695 702
695 703
695 704
695 705
695 706
695 707
695 708
696 697
696 698
696 699
696 700
696 702
696 703
696 704
696 706
696 707
696 708
696 709
697 698
697 699
697 700
697 702
697 703
697 704
697 705
697 706
697 707
697 708
697 709
697 710
698 699
698 700
698 701
698 703
698 704
698 705
698 706
698 707
698 708
698 710
698 711
699 700
699 701
699 702
699 703
699 704
699 705
699 706
699 707
699 708
699 710
699 711
699 712
700 701
700 702
700 703
700 704
700 705
700 706
700 707
700 708
700 709
700 710
700 711
700 712
700 713
701 702
701 703
701 704
701 705
701 706
701 707
701 708
701 709
701 710
701 711
701 712
701 713
701 714
702 703
702 704
702 706
702 707
702 708
702 709
702 710
702 711
702 712
702 713
702 714
702 715
703 704
703 705
703 706
703 707
703 708
703 709
703 710
703 711
703 712
703 713
703 714
703 715
704 705
704 706
704 707
704 708
704 709
704 710
704 711
704 712
704 715
704 716
704 717
705 706
705 707
705 708
705 710
705 711
705 712
705 713
705 714
705 715
705 717
705 718
706 707
706 708
706 709
706 710
706 711
706 712
706 713
706 715
706 716
706 717
706 718
706 719
707 708
707 709
707 710
707 711
707 712
707 713
707 714
707 716
707 717
707 718
707 719
707 720
708 709
708 711
708 713
708 714
708 715
708 718
708 720
708 721
708 771
709 710
709 711
709 712
709 713
709 715
709 716
709 717
709 718
709 719
709 720
709 721
709 722
710 711
710 712
710 713
710 714
710 715
710 716
710 717
710 718
710 719
710 720
710 722
710 723
711 713
711 714
711 715
711 717
711 718
711 719
711 720
711 721
711 722
711 723
711 724
712 713
712 714
712 716
712 717
712 718
712 719
712 720
712 721
712 722
712 723
712 724
712 725
713 714
713 715
713 716
713 717
713 718
713 719
713 720
713 722
713 723
713 724
713 725
713 726
714 715
714 716
714 717
714 718
714 719
714 720
714 721
714 722
714 723
714 724
714 725
714 726
714 727
715 716
715 717
715 718
715 719
715 720
715 721
715 722
715 723
715 725
715 726
715 727
715 728
716 717
716 718
716 719
716 720
716 722
716 724
716 726
716 727
716 728
716 729
716 783
717 718
717 719
717 720
717 722
717 723
717 724
717 725
717 726
717 727
717 728
717 729
717 730
718 719
718 720
718 721
718 722
718 724
718 725
718 727
718 728
718 729
718 730
718 731
719 720
719 721
719 722
719 723
719 725
719 726
719 727
719 728
719 729
719 730
719 731
719 732
720 721
720 722
720 723
720 724
720 725
720 726
720 728
720 729
720 730
720 731
720 732
720 733
721 722
721 723
721 724
721 725
721 726
721 727
721 730
721 731
721 732
721 733
721 734
722 723
722 724
722 725
722 726
722 727
722 728
722 729
722 730
722 731
722 732
722 734
722 735
723 724
723 725
723 726
723 727
723 728
723 729
723 730
723 731
723 732
723 733
723 734
723 735
723 736
723 742
724 725
724 726
724 727
724 728
724 729
724 730
724 732
724 733
724 734
724 736
724 737
725 727
725 728
725 729
725 730
725 731
725 733
725 734
725 735
725 736
725 737
726 727
726 729
726 730
726 731
726 732
726 734
726 736
726 737
726 738
726 739
727 728
727 729
727 730
727 731
727 733
727 734
727 735
727 736
727 737
727 738
727 739
727 740
728 729
728 730
728 732
728 733
728 734
728 735
728 736
728 737
728 739
728 740
728 741
729 730
729 731
729 732
729 733
729 734
729 735
729 736
729 738
729 739
729 740
729 742
730 731
730 732
730 733
730 734
730 735
730 736
730 737
730 738
730 739
730 740
730 741
730 742
730 743
731 732
731 733
731 734
731 735
731 736
731 737
731 738
731 739
731 740
731 741
731 742
731 743
731 744
732 733
732 734
732 735
732 736
732 738
732 739
732 740
732 741
732 742
732 743
732 744
733 735
733 736
733 737
733 738
733 739
733 740
733 741
733 742
733 743
733 744
733 745
733 746
734 735
734 736
734 737
734 738
734 739
734 740
734 741
734 742
734 743
734 744
734 745
734 746
734 747
735 736
735 737
735 738
735 739
735 740
735 741
735 742
735 743
735 745
735 746
735 747
735 748
736 737
736 738
736 739
736 740
736 741
736 742
736 743
736 744
736 745
736 746
736 747
736 748
736 749
737 738
737 739
737 740
737 741
737 742
737 743
737 744
737 745
737 746
737 747
737 748
737 749
737 750
738 739
738 740
738 741
738 742
738 743
738 744
738 745
738 746
738 747
738 748
738 749
738 750
738 751
738 765
739 740
739 741
739 742
739 743
739 745
739 746
739 747
739 748
739 749
739 750
739 752
740 741
740 742
740 743
740 744
740 745
740 746
740 747
740 749
740 750
740 751
740 752
740 753
741 742
741 743
741 744
741 745
741 746
741 747
741 748
741 749
741 750
741 751
741 752
741 753
741 754
742 743
742 744
742 745
742 746
742 747
742 748
742 749
742 752
742 753
742 754
742 755
743 744
743 745
743 746
743 747
743 749
743 750
743 751
743 752
743 753
743 754
743 755
743 756
744 745
744 747
744 748
744 749
744 750
744 751
744 753
744 755
744 756
744 757
745 746
745 748
745 749
745 750
745 751
745 752
745 753
745 754
745 756
745 757
745 782
746 747
746 748
746 749
746 750
746 751
746 752
746 753
746 756
746 757
746 758
746 759
747 748
747 749
747 750
747 751
747 752
747 753
747 754
747 755
747 756
747 757
747 758
747 759
747 760
748 749
748 750
748 751
748 752
748 753
748 754
748 755
748 756
748 759
748 760
748 761
749 750
749 751
749 752
749 753
749 754
749 755
749 756
749 757
749 758
749 759
749 761
749 762
750 751
750 752
750 753
750 755
750 756
750 757
750 758
750 759
750 760
750 761
750 762
750 763
751 752
751 753
751 754
751 755
751 756
751 757
751 758
751 759
751 760
751 761
751 762
751 764
752 753
752 754
752 755
752 757
752 758
752 759
752 760
752 761
752 762
752 763
752 764
752 765
753 754
753 755
753 756
753 757
753 758
753 759
753 760
753 761
753 762
753 763
753 764
753 765
753 766
754 755
754 757
754 758
754 759
754 760
754 761
754 762
754 763
754 764
754 765
754 766
755 757
755 759
755 760
755 761
755 762
755 763
755 764
755 765
755 766
755 767
755 768
756 757
756 761
756 762
756 764
756 765
756 766
756 767
756 768
756 769
757 758
757 759
757 760
757 761
757 762
757 763
757 764
757 766
757 767
757 769
757 770
758 759
758 760
758 761
758 762
758 763
758 764
758 765
758 766
758 767
758 768
758 769
758 770
758 771
759 760
759 761
759 762
759 763
759 764
759 765
759 766
759 767
759 768
759 769
759 770
759 771
759 772
760 761
760 762
760 763
760 764
760 765
760 766
760 767
760 768
760 769
760 770
760 771
760 772
760 773
761 762
761 763
761 764
761 765
761 766
761 767
761 768
761 770
761 771
761 772
761 773
761 774
762 763
762 764
762 765
762 766
762 767
762 768
762 769
762 770
762 771
762 772
762 773
762 774
762 775
763 764
763 765
763 767
763 768
763 769
763 770
763 771
763 772
763 773
763 774
763 775
763 776
764 765
764 766
764 767
764 768
764 769
764 770
764 771
764 772
764 773
764 775
764 776
765 766
765 767
765 768
765 770
765 772
765 773
765 774
765 775
765 776
765 777
765 778
766 767
766 768
766 769
766 770
766 772
766 773
766 774
766 775
766 776
766 777
766 778
766 779
767 768
767 769
767 770
767 771
767 772
767 773
767 774
767 775
767 776
767 777
767 779
767 780
768 770
768 771
768 772
768 774
768 775
768 776
768 777
768 778
768 779
768 780
768 781
769 770
769 771
769 772
769 773
769 774
769 775
769 776
769 777
769 778
769 779
769 780
769 781
769 782
770 771
770 772
770 773
770 774
770 775
770 776
770 777
770 778
770 779
770 780
770 781
770 782
770 783
771 772
771 774
771 775
771 776
771 777
771 778
771 779
771 780
771 781
771 782
771 783
771 784
772 773
772 774
772 775
772 776
772 777
772 778
772 779
772 780
772 781
772 782
772 783
772 784
772 785
773 774
773 775
773 776
773 777
773 778
773 779
773 780
773 781
773 782
773 783
773 784
773 785
773 786
774 776
774 777
774 778
774 779
774 780
774 782
774 783
774 784
774 785
774 786
774 787
775 776
775 777
775 778
775 779
775 780
775 781
775 782
775 783
775 784
775 785
775 786
775 787
775 788
776 777
776 778
776 780
776 781
776 782
776 783
776 784
776 786
776 787
776 789
776 792
777 778
777 779
777 780
777 782
777 783
777 784
777 785
777 786
777 787
777 788
777 789
777 790
778 779
778 780
778 781
778 782
778 783
778 784
778 785
778 786
778 787
778 788
778 789
778 790
778 791
779 780
779 781
779 782
779 783
779 784
779 785
779 786
779 787
779 788
779 789
779 790
779 791
779 792
780 781
780 783
780 784
780 786
780 787
780 788
780 789
780 790
780 791
780 792
780 793
781 782
781 783
781 784
781 785
781 786
781 787
781 788
781 789
781 790
781 791
781 792
781 793
781 794
782 783
782 784
782 785
782 786
782 787
782 789
782 790
782 791
782 793
782 795
783 784
783 785
783 786
783 788
783 789
783 790
783 791
783 792
783 793
783 794
783 795
783 796
784 785
784 786
784 787
784 790
784 791
784 792
784 793
784 794
784 795
785 786
785 787
785 788
785 789
785 790
785 791
785 792
785 793
785 794
785 795
785 796
785 798
786 788
786 789
786 790
786 791
786 792
786 793
786 794
786 795
786 796
786 797
786 798
786 799
787 788
787 789
787 790
787 791
787 792
787 793
787 794
787 795
787 796
787 797
787 799
788 789
788 790
788 792
788 793
788 794
788 795
788 796
788 797
788 798
788 799
789 790
789 791
789 792
789 794
789 795
789 796
789 797
789 798
789 799
790 792
790 793
790 794
790 795
790 796
790 797
790 798
790 799
791 793
791 794
791 795
791 796
791 797
791 798
792 793
792 794
792 795
792 796
792 797
792 798
793 794
793 795
793 796
793 797
793 798
793 799
794 795
794 796
794 797
794 798
794 799
795 796
795 797
795 798
795 799
796 797
796 798
797 798
797 799
798 799
