0 1
0 2
0 563
0 562
0 4
0 561
0 5
0 560
0 6
0 559
0 7
0 558
0 8
0 557
0 9
0 556
0 111
1 2
1 3
1 564
1 4
1 563
1 5
1 562
1 6
1 7
1 560
1 8
1 559
1 9
1 558
1 10
1 518
2 3
2 4
2 5
2 564
2 6
2 563
2 7
2 562
2 8
2 561
2 9
2 560
2 10
2 559
2 11
2 558
3 4
3 5
3 6
3 7
3 8
3 563
3 9
3 562
3 10
3 561
3 11
3 560
3 559
3 531
4 5
4 6
4 7
4 8
4 9
4 564
4 10
4 563
4 11
4 562
4 12
4 561
4 204
5 6
5 7
5 8
5 9
5 10
5 11
5 564
5 12
5 563
5 13
5 562
5 14
5 561
6 7
6 8
6 9
6 10
6 11
6 12
6 13
6 564
6 14
6 563
6 15
6 562
6 110
6 103
7 8
7 10
7 11
7 12
7 13
7 14
7 15
7 564
7 16
7 563
7 356
8 9
8 11
8 13
8 14
8 15
8 16
8 17
8 564
8 164
8 21
9 10
9 11
9 12
9 13
9 14
9 16
9 17
9 18
9 165
10 11
10 12
10 13
10 14
10 15
10 17
10 18
10 19
10 329
11 12
11 13
11 14
11 15
11 16
11 17
11 18
11 19
11 20
11 152
12 13
12 14
12 15
12 17
12 19
12 20
12 537
12 176
12 493
13 14
13 15
13 16
13 17
13 18
13 19
13 20
13 21
13 22
13 85
14 15
14 16
14 17
14 18
14 19
14 20
14 21
14 22
14 23
14 92
15 16
15 17
15 19
15 20
15 21
15 22
15 23
15 24
15 320
15 543
16 17
16 18
16 19
16 20
16 21
16 22
16 23
16 24
16 492
16 224
17 18
17 19
17 20
17 21
17 22
17 23
17 25
17 26
17 185
18 19
18 20
18 22
18 23
18 24
18 26
18 423
18 349
18 418
18 485
18 222
18 114
19 20
19 21
19 22
19 23
19 24
19 25
19 26
19 28
19 244
20 21
20 23
20 24
20 25
20 26
20 27
20 28
20 29
20 398
21 22
21 23
21 24
21 25
21 26
21 27
21 28
21 29
21 30
22 23
22 24
22 25
22 26
22 28
22 29
22 30
22 31
22 123
23 24
23 26
23 27
23 28
23 29
23 30
23 31
23 32
23 358
23 43
24 25
24 26
24 27
24 28
24 30
24 31
24 32
24 275
24 111
25 26
25 27
25 28
25 29
25 30
25 31
25 32
25 33
25 136
25 92
25 116
26 27
26 28
26 29
26 31
26 32
26 34
26 296
26 500
26 372
27 28
27 29
27 30
27 31
27 32
27 33
27 34
27 35
27 36
27 99
27 385
28 29
28 30
28 32
28 33
28 34
28 35
28 36
28 37
28 161
28 486
28 250
29 30
29 31
29 32
29 33
29 34
29 35
29 37
29 38
29 407
29 333
29 139
30 31
30 32
30 33
30 34
30 36
30 37
30 38
30 39
30 60
31 32
31 33
31 34
31 35
31 36
31 38
31 39
31 40
31 121
32 33
32 34
32 35
32 36
32 37
32 38
32 39
32 40
32 41
32 311
33 34
33 35
33 36
33 37
33 38
33 39
33 40
33 41
33 42
33 557
34 35
34 36
34 37
34 38
34 39
34 41
34 42
34 43
34 231
34 391
35 36
35 37
35 38
35 39
35 40
35 41
35 42
35 43
35 44
35 470
36 37
36 38
36 39
36 40
36 42
36 43
36 44
36 45
36 406
36 328
36 378
37 38
37 39
37 40
37 41
37 42
37 43
37 44
37 46
37 242
37 107
38 39
38 40
38 41
38 42
38 43
38 44
38 46
38 47
38 422
38 200
39 41
39 42
39 45
39 46
39 47
39 48
39 422
39 537
39 315
39 121
40 41
40 42
40 43
40 44
40 46
40 47
40 48
40 49
40 481
40 342
41 42
41 43
41 44
41 45
41 46
41 47
41 48
41 49
41 50
41 79
42 43
42 45
42 47
42 48
42 49
42 50
42 51
42 331
42 106
43 44
43 45
43 47
43 49
43 50
43 51
43 52
43 421
44 45
44 46
44 47
44 48
44 49
44 50
44 51
44 52
44 53
45 46
45 47
45 48
45 49
45 50
45 51
45 52
45 53
45 189
45 210
46 47
46 48
46 49
46 50
46 51
46 52
46 53
46 55
46 142
46 304
47 48
47 49
47 50
47 51
47 53
47 54
47 55
47 56
47 262
48 49
48 50
48 53
48 55
48 56
48 57
48 328
48 354
48 527
49 50
49 51
49 52
49 53
49 54
49 55
49 56
49 57
49 58
50 51
50 52
50 53
50 54
50 56
50 58
50 59
50 187
50 322
50 317
50 196
51 52
51 53
51 54
51 55
51 56
51 57
51 58
51 59
51 60
51 547
52 53
52 54
52 55
52 56
52 57
52 58
52 60
52 61
52 548
53 54
53 55
53 56
53 57
53 58
53 59
53 60
53 61
53 476
54 55
54 56
54 57
54 58
54 59
54 60
54 62
54 63
54 171
54 353
54 426
55 56
55 58
55 59
55 60
55 61
55 62
55 63
55 64
55 457
55 166
55 174
56 57
56 58
56 59
56 60
56 61
56 62
56 63
56 64
56 65
57 58
57 59
57 60
57 62
57 63
57 64
57 65
57 66
57 209
58 59
58 60
58 61
58 62
58 63
58 64
58 65
58 66
58 67
59 60
59 62
59 64
59 65
59 66
59 67
59 68
59 261
59 97
60 61
60 62
60 63
60 65
60 66
60 67
60 68
60 69
60 189
61 62
61 63
61 64
61 65
61 67
61 68
61 69
61 70
61 172
61 252
61 439
62 63
62 64
62 65
62 66
62 67
62 68
62 69
62 70
62 71
62 525
63 64
63 65
63 66
63 67
63 68
63 69
63 70
63 71
63 72
63 480
64 65
64 66
64 67
64 68
64 69
64 70
64 71
64 72
64 73
65 66
65 67
65 68
65 69
65 70
65 71
65 72
65 74
65 467
66 67
66 68
66 69
66 70
66 71
66 72
66 73
66 74
66 75
67 68
67 69
67 70
67 71
67 73
67 74
67 75
67 76
67 522
68 69
68 70
68 71
68 72
68 73
68 74
68 75
68 76
68 77
69 70
69 71
69 72
69 73
69 74
69 75
69 76
69 77
69 78
69 158
70 71
70 72
70 73
70 74
70 75
70 76
70 77
70 78
70 79
70 414
70 252
71 72
71 75
71 77
71 79
71 80
71 139
71 396
71 322
71 500
71 125
71 263
72 74
72 75
72 76
72 78
72 79
72 80
72 81
72 519
72 447
73 74
73 75
73 76
73 77
73 78
73 79
73 81
73 82
73 101
74 75
74 76
74 77
74 78
74 79
74 80
74 81
74 82
74 83
75 76
75 77
75 78
75 79
75 80
75 81
75 82
75 83
75 84
75 114
76 77
76 78
76 79
76 80
76 81
76 82
76 83
76 84
76 85
77 78
77 79
77 80
77 81
77 82
77 83
77 84
77 85
77 86
78 79
78 80
78 81
78 82
78 83
78 85
78 86
78 87
78 155
78 418
78 326
79 80
79 81
79 82
79 85
79 86
79 87
79 88
79 496
79 373
79 109
80 81
80 82
80 83
80 84
80 85
80 86
80 87
80 88
80 89
80 523
81 83
81 84
81 86
81 88
81 89
81 90
81 179
81 128
81 209
81 276
82 83
82 85
82 86
82 87
82 88
82 89
82 90
82 91
82 267
82 561
83 84
83 85
83 86
83 87
83 88
83 89
83 90
83 91
83 92
84 85
84 86
84 87
84 88
84 89
84 90
84 91
84 92
84 93
84 142
84 535
84 216
85 86
85 87
85 88
85 89
85 90
85 92
85 93
85 94
86 87
86 88
86 89
86 90
86 91
86 92
86 93
86 94
86 95
86 137
86 149
87 88
87 89
87 90
87 91
87 92
87 93
87 94
87 95
87 96
87 422
88 90
88 91
88 92
88 93
88 95
88 96
88 97
88 305
88 511
88 198
89 90
89 91
89 92
89 93
89 94
89 95
89 96
89 97
89 98
89 137
90 91
90 92
90 93
90 95
90 96
90 97
90 98
90 99
90 319
90 282
91 92
91 93
91 94
91 95
91 96
91 97
91 98
91 99
91 100
91 314
92 93
92 94
92 95
92 97
92 99
92 100
92 101
93 95
93 96
93 97
93 98
93 99
93 100
93 101
93 102
93 251
94 95
94 97
94 98
94 99
94 100
94 101
94 102
94 103
94 433
95 96
95 97
95 98
95 99
95 100
95 101
95 102
95 103
95 104
95 516
96 97
96 98
96 100
96 101
96 102
96 103
96 104
96 105
96 228
97 98
97 99
97 100
97 101
97 102
97 103
97 104
97 105
97 106
97 376
98 99
98 100
98 101
98 102
98 103
98 105
98 106
98 107
98 444
98 104
99 100
99 102
99 103
99 104
99 105
99 106
99 107
99 108
99 492
100 101
100 102
100 103
100 104
100 105
100 107
100 108
100 109
100 380
101 102
101 104
101 105
101 106
101 107
101 108
101 109
101 110
101 414
101 190
102 103
102 104
102 105
102 106
102 107
102 108
102 110
102 111
102 539
102 473
102 167
103 104
103 105
103 106
103 109
103 110
103 111
103 112
103 162
103 353
104 105
104 106
104 107
104 108
104 109
104 111
104 112
104 113
104 390
105 106
105 107
105 108
105 109
105 110
105 111
105 112
105 114
105 211
106 107
106 109
106 110
106 111
106 112
106 534
106 151
106 277
106 230
106 378
107 108
107 109
107 110
107 111
107 112
107 114
107 115
107 116
107 316
108 109
108 110
108 112
108 113
108 114
108 115
108 116
108 117
108 527
108 333
108 303
108 550
109 110
109 111
109 112
109 113
109 114
109 115
109 116
109 117
109 118
109 425
110 111
110 113
110 114
110 115
110 116
110 117
110 118
110 119
110 374
110 165
110 365
111 112
111 113
111 114
111 115
111 116
111 117
111 118
111 119
111 120
112 113
112 114
112 115
112 116
112 117
112 118
112 119
112 120
112 121
112 561
113 114
113 115
113 116
113 117
113 118
113 120
113 121
113 122
113 443
113 427
114 115
114 116
114 117
114 118
114 119
114 121
114 122
114 123
114 393
114 341
115 116
115 117
115 118
115 119
115 120
115 121
115 122
115 123
115 124
116 117
116 118
116 119
116 121
116 122
116 123
116 124
116 125
116 266
116 491
116 427
116 504
117 118
117 119
117 120
117 121
117 123
117 125
117 126
117 503
117 501
117 210
118 119
118 120
118 121
118 122
118 123
118 124
118 126
118 127
118 461
119 120
119 121
119 122
119 123
119 125
119 126
119 127
119 128
119 528
119 312
120 121
120 122
120 123
120 124
120 125
120 127
120 129
120 502
120 138
120 438
121 122
121 123
121 124
121 125
121 127
121 128
121 129
121 130
121 247
122 123
122 124
122 125
122 126
122 127
122 128
122 129
122 130
122 131
122 317
123 125
123 126
123 128
123 129
123 130
123 131
123 132
123 271
123 484
124 125
124 126
124 127
124 128
124 129
124 131
124 132
124 133
124 281
124 409
125 126
125 127
125 128
125 129
125 130
125 131
125 132
125 133
125 198
125 357
126 127
126 128
126 129
126 130
126 131
126 132
126 133
126 134
126 135
127 128
127 129
127 131
127 132
127 133
127 134
127 136
127 429
127 522
128 129
128 130
128 133
128 134
128 135
128 136
128 137
128 151
128 519
129 130
129 131
129 132
129 133
129 134
129 135
129 136
129 137
129 138
130 131
130 133
130 134
130 135
130 136
130 137
130 138
130 139
130 359
131 132
131 134
131 135
131 136
131 137
131 139
131 140
131 304
131 261
132 133
132 134
132 135
132 136
132 137
132 138
132 139
132 140
132 141
132 313
133 134
133 135
133 136
133 138
133 139
133 140
133 141
133 142
133 240
133 189
134 135
134 136
134 137
134 138
134 140
134 141
134 143
134 435
134 394
134 388
135 136
135 137
135 138
135 139
135 140
135 141
135 142
135 143
135 144
136 138
136 140
136 141
136 142
136 143
136 144
136 145
136 478
137 138
137 141
137 142
137 143
137 144
137 145
137 146
137 340
138 139
138 140
138 141
138 142
138 143
138 144
138 145
138 146
138 147
139 140
139 141
139 142
139 143
139 144
139 145
139 146
139 147
139 148
140 141
140 142
140 143
140 144
140 145
140 146
140 147
140 148
140 149
141 142
141 143
141 144
141 145
141 146
141 147
141 148
141 149
141 150
142 143
142 144
142 145
142 146
142 148
142 150
142 151
142 279
143 144
143 145
143 146
143 147
143 148
143 149
143 150
143 151
143 152
143 226
144 146
144 147
144 148
144 149
144 150
144 151
144 152
144 153
144 560
144 401
144 449
145 146
145 147
145 148
145 149
145 150
145 151
145 152
145 153
145 154
146 148
146 149
146 150
146 151
146 152
146 153
146 154
146 155
146 437
146 306
147 148
147 149
147 150
147 151
147 152
147 153
147 154
147 155
147 156
148 151
148 152
148 154
148 155
148 156
148 157
148 435
148 306
148 556
148 378
149 150
149 151
149 153
149 154
149 155
149 156
149 157
149 158
149 196
149 489
149 182
150 151
150 152
150 153
150 156
150 157
150 158
150 159
150 362
150 545
151 152
151 153
151 154
151 155
151 156
151 158
151 159
151 160
151 274
151 362
151 329
152 153
152 155
152 156
152 158
152 159
152 160
152 161
152 218
152 249
153 154
153 155
153 156
153 157
153 158
153 159
153 160
153 161
153 162
154 155
154 156
154 157
154 158
154 160
154 161
154 163
154 196
154 390
154 481
155 158
155 159
155 160
155 161
155 162
155 163
155 164
155 328
156 157
156 158
156 159
156 160
156 161
156 162
156 163
156 164
156 165
157 158
157 159
157 160
157 161
157 162
157 163
157 164
157 165
157 166
157 286
158 159
158 160
158 162
158 163
158 164
158 165
158 166
158 167
158 453
158 255
159 160
159 161
159 162
159 163
159 164
159 165
159 166
159 167
159 168
160 161
160 162
160 164
160 165
160 166
160 167
160 168
160 169
160 233
161 162
161 164
161 165
161 166
161 167
161 168
161 169
161 170
161 214
162 163
162 164
162 166
162 167
162 168
162 169
162 170
162 171
163 165
163 166
163 167
163 168
163 169
163 170
163 171
163 172
163 546
163 389
164 165
164 166
164 167
164 168
164 169
164 170
164 171
164 172
164 173
164 419
164 443
165 166
165 167
165 168
165 169
165 171
165 172
165 173
165 174
165 301
166 167
166 168
166 169
166 171
166 172
166 173
166 174
166 175
166 449
167 168
167 169
167 170
167 172
167 173
167 174
167 176
167 322
167 404
168 169
168 170
168 171
168 172
168 173
168 175
168 176
168 177
168 389
169 170
169 171
169 172
169 173
169 174
169 175
169 176
169 178
169 347
170 171
170 172
170 173
170 174
170 175
170 176
170 177
170 178
170 179
170 311
171 172
171 173
171 174
171 176
171 177
171 178
171 179
171 428
171 413
172 173
172 174
172 176
172 177
172 178
172 179
172 180
172 181
173 174
173 175
173 176
173 177
173 178
173 179
173 180
173 181
173 182
174 175
174 176
174 177
174 178
174 179
174 180
174 182
174 183
175 176
175 177
175 178
175 179
175 180
175 181
175 182
175 183
175 184
175 199
176 178
176 179
176 180
176 181
176 182
176 183
176 184
176 185
176 208
177 178
177 179
177 180
177 182
177 183
177 184
177 185
177 186
177 300
177 209
178 179
178 181
178 182
178 183
178 184
178 185
178 186
178 187
178 230
178 199
179 180
179 181
179 182
179 183
179 184
179 185
179 186
179 187
179 188
180 181
180 182
180 183
180 184
180 185
180 187
180 188
180 189
180 419
181 182
181 183
181 184
181 185
181 186
181 187
181 188
181 189
181 190
182 183
182 184
182 185
182 186
182 187
182 188
182 189
182 191
183 184
183 185
183 186
183 187
183 188
183 189
183 190
183 191
183 192
184 185
184 187
184 189
184 190
184 191
184 192
184 193
184 204
184 459
184 277
185 186
185 188
185 189
185 190
185 191
185 192
185 193
185 194
185 439
185 506
186 187
186 188
186 189
186 190
186 191
186 192
186 193
186 194
186 195
187 189
187 190
187 191
187 192
187 193
187 194
187 195
187 196
188 189
188 190
188 191
188 192
188 193
188 194
188 195
188 196
188 197
188 238
189 190
189 191
189 192
189 194
189 195
189 196
189 198
190 191
190 193
190 195
190 196
190 197
190 198
190 199
190 536
190 525
191 192
191 193
191 194
191 195
191 196
191 197
191 198
191 199
191 524
192 193
192 195
192 196
192 197
192 198
192 199
192 200
192 201
192 506
193 194
193 195
193 196
193 197
193 198
193 199
193 200
193 201
193 202
194 195
194 196
194 197
194 198
194 199
194 200
194 201
194 202
194 203
195 196
195 198
195 199
195 200
195 201
195 202
195 203
195 204
195 298
195 240
196 197
196 199
196 201
196 202
196 203
196 205
197 198
197 200
197 201
197 202
197 203
197 205
197 206
197 306
197 449
197 211
198 199
198 200
198 203
198 205
198 206
198 207
198 450
199 202
199 203
199 204
199 205
199 206
199 207
199 563
200 201
200 202
200 203
200 204
200 205
200 206
200 209
200 350
200 526
201 202
201 203
201 204
201 205
201 206
201 207
201 208
201 209
201 210
202 203
202 204
202 205
202 206
202 207
202 208
202 210
202 211
202 498
203 204
203 205
203 207
203 210
203 211
203 212
203 388
203 520
203 477
203 412
204 205
204 206
204 207
204 208
204 209
204 210
204 211
204 212
204 213
205 206
205 207
205 208
205 209
205 210
205 211
205 212
205 213
205 327
206 207
206 209
206 210
206 212
206 213
206 214
206 215
206 322
206 441
206 438
207 208
207 209
207 210
207 211
207 212
207 213
207 214
207 215
207 216
207 377
208 209
208 210
208 211
208 212
208 213
208 214
208 215
208 216
208 217
208 539
209 210
209 211
209 212
209 213
209 214
209 215
209 216
209 217
210 211
210 212
210 213
210 214
210 216
210 217
210 218
210 219
210 438
210 470
211 212
211 213
211 214
211 215
211 216
211 218
211 220
211 450
211 223
212 213
212 214
212 216
212 217
212 218
212 219
212 220
212 221
212 276
213 214
213 215
213 216
213 217
213 218
213 219
213 220
213 221
213 222
213 522
214 215
214 217
214 218
214 220
214 221
214 222
214 223
214 271
215 216
215 217
215 218
215 219
215 220
215 221
215 223
215 224
215 326
216 217
216 218
216 219
216 220
216 221
216 222
216 223
216 225
217 219
217 220
217 221
217 222
217 223
217 224
217 225
217 226
217 308
218 219
218 220
218 221
218 222
218 223
218 224
218 225
218 226
218 227
219 220
219 221
219 222
219 223
219 224
219 225
219 226
219 227
219 228
219 275
220 221
220 222
220 223
220 224
220 225
220 226
220 227
220 228
220 229
221 222
221 223
221 224
221 225
221 226
221 227
221 228
221 229
221 230
221 254
221 404
221 495
222 223
222 224
222 225
222 226
222 227
222 228
222 229
222 231
222 534
223 224
223 225
223 226
223 227
223 228
223 229
223 230
223 232
223 484
224 225
224 226
224 227
224 228
224 229
224 230
224 231
224 232
224 233
225 226
225 227
225 228
225 229
225 230
225 231
225 232
225 233
225 234
225 483
226 227
226 228
226 230
226 231
226 232
226 233
226 234
226 235
227 228
227 230
227 231
227 232
227 233
227 234
227 235
227 321
227 421
227 469
228 229
228 230
228 231
228 232
228 233
228 234
228 235
228 236
228 237
229 230
229 231
229 233
229 234
229 235
229 236
229 237
229 238
229 259
230 231
230 232
230 233
230 234
230 235
230 236
230 237
230 238
230 239
231 232
231 233
231 234
231 235
231 237
231 238
231 239
231 240
231 309
231 443
231 525
232 233
232 234
232 235
232 237
232 238
232 239
232 240
232 241
232 258
232 264
232 361
232 335
232 410
233 234
233 235
233 236
233 237
233 238
233 239
233 240
233 241
233 242
233 479
234 235
234 237
234 238
234 240
234 241
234 242
234 455
234 337
234 515
235 236
235 237
235 238
235 239
235 240
235 241
235 242
235 244
235 274
235 314
236 238
236 239
236 241
236 242
236 243
236 245
236 270
236 307
236 252
236 353
237 238
237 240
237 241
237 242
237 243
237 244
237 245
237 246
237 541
237 255
238 240
238 241
238 242
238 243
238 244
238 245
238 246
238 247
239 240
239 241
239 242
239 243
239 244
239 245
239 246
239 247
239 248
240 241
240 242
240 243
240 244
240 245
240 246
240 247
240 248
240 466
241 242
241 243
241 244
241 245
241 246
241 247
241 248
241 249
241 250
242 244
242 245
242 246
242 248
242 249
242 250
242 251
242 517
242 271
243 244
243 245
243 246
243 247
243 248
243 249
243 251
243 252
243 325
243 536
244 245
244 246
244 247
244 248
244 249
244 250
244 251
244 252
244 253
245 246
245 248
245 249
245 250
245 251
245 252
245 253
245 254
245 356
245 397
245 551
246 247
246 248
246 250
246 251
246 252
246 253
246 254
246 255
246 289
246 526
246 416
247 248
247 250
247 251
247 252
247 253
247 254
247 255
247 256
248 249
248 250
248 251
248 252
248 253
248 254
248 255
248 256
248 257
249 250
249 251
249 252
249 253
249 254
249 255
249 256
249 326
249 418
249 468
250 251
250 252
250 253
250 254
250 256
250 259
250 533
250 322
251 252
251 253
251 254
251 255
251 256
251 257
251 258
251 259
251 260
252 253
252 254
252 255
252 256
252 259
252 325
252 546
253 254
253 255
253 256
253 257
253 258
253 260
253 261
253 262
253 344
254 255
254 256
254 257
254 259
254 260
254 261
254 262
254 263
254 373
255 256
255 257
255 258
255 259
255 260
255 262
255 264
255 498
256 257
256 258
256 259
256 260
256 261
256 262
256 263
256 264
256 265
257 258
257 259
257 260
257 261
257 262
257 264
257 265
257 266
257 330
257 440
258 259
258 260
258 263
258 264
258 266
258 286
258 334
258 444
258 405
259 260
259 263
259 264
259 265
259 267
259 268
259 460
259 299
259 520
259 553
260 261
260 262
260 263
260 264
260 265
260 266
260 267
260 268
260 269
261 262
261 263
261 264
261 265
261 266
261 267
261 268
261 269
261 270
262 263
262 265
262 266
262 267
262 268
262 269
262 270
262 271
262 277
263 264
263 265
263 266
263 267
263 268
263 269
263 271
263 272
263 533
264 265
264 266
264 268
264 269
264 270
264 271
264 272
264 273
265 266
265 267
265 268
265 269
265 270
265 271
265 273
265 274
265 483
266 269
266 270
266 273
266 274
266 275
266 390
266 518
266 414
266 547
267 268
267 269
267 270
267 271
267 272
267 274
267 275
267 276
267 281
268 269
268 270
268 271
268 272
268 273
268 274
268 275
268 277
268 296
268 458
269 270
269 271
269 273
269 274
269 275
269 276
269 277
269 278
269 508
269 284
269 521
269 319
270 271
270 272
270 273
270 274
270 275
270 276
270 277
270 278
270 279
270 425
270 544
271 272
271 273
271 274
271 275
271 276
271 278
271 279
271 280
272 273
272 274
272 276
272 277
272 278
272 280
272 281
272 558
272 458
273 274
273 275
273 276
273 277
273 278
273 279
273 280
273 281
273 282
273 449
274 275
274 276
274 279
274 280
274 281
274 282
274 283
274 287
275 276
275 277
275 278
275 279
275 281
275 282
275 283
275 284
276 277
276 278
276 279
276 280
276 281
276 282
276 283
276 284
276 301
277 278
277 279
277 280
277 282
277 284
277 285
277 286
277 319
277 519
277 554
278 279
278 280
278 281
278 282
278 283
278 284
278 285
278 286
278 287
279 280
279 281
279 282
279 283
279 285
279 286
279 287
279 288
279 560
280 281
280 282
280 283
280 284
280 285
280 287
280 289
280 393
280 427
280 403
281 282
281 284
281 286
281 287
281 289
281 290
281 519
281 460
282 283
282 284
282 285
282 286
282 287
282 288
282 290
282 291
282 300
283 284
283 285
283 286
283 287
283 288
283 289
283 290
283 291
283 292
283 366
284 285
284 286
284 287
284 290
284 291
284 292
284 293
284 481
285 286
285 287
285 289
285 290
285 291
285 292
285 293
285 294
285 492
286 287
286 288
286 289
286 290
286 291
286 292
286 294
286 295
287 288
287 289
287 290
287 291
287 292
287 293
287 294
287 295
288 289
288 290
288 291
288 292
288 293
288 294
288 295
288 296
288 297
289 290
289 291
289 293
289 294
289 295
289 296
289 297
289 298
289 352
290 291
290 293
290 294
290 295
290 296
290 297
290 298
290 299
290 334
291 292
291 293
291 295
291 296
291 297
291 298
291 299
291 300
291 351
292 293
292 294
292 295
292 296
292 297
292 298
292 299
292 301
292 546
293 294
293 295
293 296
293 297
293 298
293 299
293 300
293 301
293 302
293 467
294 295
294 298
294 300
294 301
294 302
294 303
294 422
294 412
294 544
295 297
295 298
295 299
295 301
295 302
295 303
295 304
295 334
295 479
295 392
296 297
296 298
296 299
296 300
296 302
296 303
296 304
296 305
296 371
297 298
297 299
297 300
297 301
297 302
297 303
297 304
297 305
297 306
298 300
298 301
298 302
298 303
298 304
298 305
298 306
298 307
298 333
299 300
299 301
299 302
299 303
299 304
299 305
299 306
299 307
299 308
299 373
300 301
300 302
300 303
300 304
300 306
300 307
300 308
300 309
301 302
301 305
301 306
301 307
301 308
301 309
301 310
302 304
302 305
302 306
302 307
302 308
302 309
302 310
302 383
302 543
302 375
303 304
303 305
303 306
303 309
303 310
303 311
303 312
303 433
304 305
304 306
304 307
304 308
304 309
304 310
304 311
304 312
304 313
305 306
305 307
305 308
305 309
305 310
305 311
305 312
305 313
305 314
306 308
306 309
306 311
306 312
306 315
306 346
306 471
307 308
307 309
307 310
307 311
307 312
307 313
307 314
307 315
307 316
308 309
308 310
308 311
308 312
308 313
308 314
308 315
308 316
308 317
309 311
309 313
309 314
309 315
309 316
309 317
309 318
309 343
309 384
310 311
310 312
310 313
310 314
310 315
310 316
310 317
310 318
310 319
311 314
311 315
311 316
311 317
311 318
311 319
311 320
312 313
312 315
312 316
312 317
312 318
312 320
312 321
312 514
312 517
312 400
313 314
313 315
313 316
313 318
313 319
313 320
313 321
313 322
314 315
314 316
314 317
314 318
314 320
314 322
314 323
314 336
315 316
315 317
315 318
315 319
315 320
315 321
315 322
315 323
315 324
316 317
316 318
316 319
316 320
316 321
316 323
316 324
316 325
316 417
316 460
317 318
317 319
317 320
317 321
317 322
317 323
317 324
317 325
317 522
318 319
318 320
318 321
318 322
318 324
318 325
318 326
318 327
318 496
319 320
319 321
319 322
319 323
319 324
319 325
319 326
319 328
320 321
320 323
320 324
320 325
320 326
320 327
320 328
320 329
321 322
321 323
321 324
321 325
321 326
321 327
321 328
321 329
321 330
321 534
322 323
322 324
322 325
322 326
322 327
322 328
322 329
322 330
322 434
323 324
323 325
323 326
323 327
323 328
323 329
323 330
323 331
323 332
323 517
323 376
324 325
324 326
324 327
324 328
324 329
324 330
324 331
324 332
324 333
324 495
324 355
324 474
325 326
325 327
325 328
325 330
325 331
325 332
325 333
325 334
325 401
326 327
326 328
326 329
326 331
326 332
326 334
326 345
327 328
327 329
327 330
327 332
327 333
327 334
327 335
327 336
327 472
327 535
327 479
327 459
328 329
328 330
328 331
328 332
328 333
328 334
328 335
328 336
328 337
329 330
329 331
329 332
329 333
329 334
329 335
329 336
329 337
330 331
330 332
330 334
330 335
330 336
330 337
330 338
330 339
330 373
330 393
331 332
331 333
331 334
331 335
331 336
331 337
331 338
331 339
331 340
331 553
332 333
332 334
332 335
332 336
332 337
332 338
332 339
332 340
332 341
333 334
333 336
333 337
333 339
333 340
333 342
333 391
334 335
334 336
334 337
334 338
334 340
334 341
334 343
334 344
335 336
335 337
335 338
335 339
335 340
335 341
335 343
335 344
336 338
336 339
336 340
336 341
336 342
336 343
336 344
336 345
336 410
337 338
337 339
337 340
337 341
337 342
337 343
337 344
337 345
337 346
338 339
338 340
338 341
338 342
338 343
338 344
338 345
338 346
338 347
339 340
339 341
339 342
339 343
339 344
339 345
339 346
339 347
339 482
340 341
340 342
340 343
340 344
340 345
340 346
340 347
340 349
340 511
341 342
341 343
341 344
341 345
341 346
341 347
341 348
341 350
341 506
342 343
342 344
342 345
342 346
342 347
342 348
342 350
342 351
343 344
343 345
343 346
343 347
343 348
343 349
343 350
343 351
343 352
344 345
344 346
344 347
344 348
344 349
344 350
344 351
344 352
344 353
345 346
345 347
345 348
345 349
345 350
345 351
345 352
345 353
345 354
345 528
346 347
346 348
346 349
346 350
346 351
346 352
346 353
346 354
346 355
347 348
347 349
347 350
347 351
347 352
347 353
347 354
347 355
347 356
348 349
348 350
348 351
348 352
348 353
348 354
348 355
348 356
348 357
349 351
349 352
349 353
349 354
349 355
349 357
349 358
349 493
349 380
349 465
350 351
350 352
350 353
350 354
350 355
350 356
350 357
350 358
350 359
350 434
350 364
351 352
351 353
351 354
351 355
351 356
351 357
351 358
351 359
351 360
352 353
352 354
352 355
352 356
352 357
352 358
352 359
352 360
352 361
353 354
353 355
353 356
353 357
353 358
353 359
353 360
353 361
353 362
353 523
354 356
354 357
354 358
354 359
354 360
354 361
354 362
354 363
354 428
355 356
355 357
355 358
355 359
355 360
355 361
355 363
355 534
356 358
356 359
356 360
356 361
356 362
356 363
356 364
356 365
356 384
357 358
357 359
357 360
357 361
357 362
357 363
357 364
357 365
357 366
357 512
358 359
358 360
358 361
358 362
358 364
358 365
358 366
358 367
358 516
358 527
359 360
359 361
359 362
359 363
359 364
359 365
359 366
359 368
359 494
360 361
360 362
360 363
360 364
360 365
360 366
360 367
360 368
360 369
361 362
361 363
361 364
361 365
361 366
361 367
361 368
361 369
361 370
362 363
362 365
362 366
362 367
362 368
362 369
362 371
362 559
363 364
363 365
363 366
363 367
363 368
363 369
363 370
363 371
363 372
364 365
364 366
364 367
364 369
364 370
364 371
364 372
364 373
365 366
365 367
365 368
365 369
365 370
365 371
365 373
365 374
365 408
366 367
366 368
366 369
366 370
366 371
366 372
366 374
366 375
366 470
366 471
367 368
367 369
367 371
367 372
367 373
367 374
367 375
367 376
367 504
368 369
368 370
368 371
368 372
368 373
368 374
368 375
368 376
368 377
369 370
369 371
369 372
369 373
369 374
369 375
369 376
369 377
369 378
369 555
370 371
370 372
370 373
370 374
370 375
370 376
370 377
370 378
370 379
371 372
371 374
371 375
371 376
371 377
371 378
371 379
371 380
372 373
372 374
372 375
372 376
372 377
372 378
372 379
372 380
372 381
373 375
373 376
373 378
373 379
373 382
374 376
374 377
374 378
374 379
374 380
374 381
374 382
374 383
375 376
375 377
375 379
375 380
375 382
375 383
375 384
375 489
375 525
376 377
376 378
376 379
376 381
376 382
376 384
376 385
376 531
376 530
376 420
377 378
377 379
377 380
377 381
377 382
377 384
377 385
377 386
378 379
378 380
378 381
378 382
378 384
378 385
378 386
378 387
378 491
379 380
379 381
379 383
379 384
379 385
379 387
379 388
379 422
379 400
380 381
380 382
380 383
380 384
380 385
380 386
380 387
380 388
380 389
380 534
381 382
381 383
381 384
381 385
381 386
381 387
381 388
381 389
381 485
382 383
382 386
382 387
382 388
382 389
382 390
382 391
382 501
382 470
383 384
383 385
383 386
383 387
383 389
383 391
383 392
383 516
383 512
384 385
384 386
384 389
384 390
384 391
384 392
384 393
385 386
385 387
385 389
385 390
385 391
385 392
385 394
385 460
386 387
386 388
386 389
386 390
386 391
386 392
386 393
386 394
386 395
386 564
387 388
387 389
387 391
387 392
387 393
387 394
387 395
387 396
387 557
388 390
388 391
388 392
388 393
388 394
388 395
388 396
388 397
389 390
389 391
389 392
389 393
389 394
389 395
389 397
389 398
390 391
390 393
390 394
390 395
390 396
390 397
390 398
390 399
391 392
391 393
391 394
391 395
391 396
391 397
391 398
391 399
392 393
392 394
392 395
392 396
392 398
392 399
392 400
392 401
392 411
393 395
393 396
393 398
393 400
393 401
393 402
394 395
394 396
394 397
394 398
394 399
394 400
394 401
394 402
394 403
395 396
395 397
395 398
395 399
395 400
395 401
395 402
395 403
395 404
396 397
396 398
396 399
396 400
396 401
396 402
396 403
396 404
396 405
397 398
397 399
397 400
397 401
397 402
397 403
397 404
397 405
397 406
397 490
397 428
398 399
398 400
398 401
398 402
398 403
398 404
398 405
398 406
398 407
399 400
399 402
399 403
399 404
399 405
399 406
399 407
399 408
399 436
400 401
400 402
400 403
400 404
400 405
400 406
400 407
400 409
401 402
401 404
401 405
401 406
401 407
401 408
401 410
402 403
402 404
402 405
402 406
402 407
402 408
402 410
402 411
402 561
402 434
403 404
403 405
403 406
403 407
403 409
403 410
403 411
403 412
403 542
403 520
404 405
404 406
404 407
404 410
404 411
404 412
404 413
405 406
405 407
405 408
405 409
405 410
405 411
405 412
405 413
405 414
406 408
406 409
406 410
406 411
406 413
406 414
406 415
406 495
407 409
407 410
407 411
407 412
407 413
407 414
407 415
407 416
408 409
408 411
408 412
408 414
408 415
408 416
408 417
408 485
409 410
409 411
409 412
409 413
409 414
409 415
409 416
409 417
409 418
410 411
410 412
410 413
410 414
410 415
410 416
410 417
410 418
411 412
411 413
411 414
411 415
411 416
411 417
411 418
411 419
411 420
411 527
412 413
412 414
412 415
412 416
412 417
412 418
412 419
412 420
412 421
413 414
413 415
413 416
413 417
413 418
413 419
413 420
413 421
413 524
414 415
414 416
414 417
414 418
414 419
414 420
414 421
414 423
415 416
415 417
415 418
415 419
415 420
415 421
415 422
415 423
415 424
416 417
416 418
416 419
416 420
416 421
416 422
416 424
416 425
416 556
417 419
417 420
417 421
417 422
417 423
417 424
417 425
417 426
418 419
418 420
418 421
418 422
418 425
418 426
418 427
418 499
419 420
419 421
419 422
419 424
419 425
419 426
419 427
419 428
420 421
420 422
420 423
420 424
420 425
420 426
420 427
420 429
421 422
421 423
421 424
421 425
421 426
421 427
421 429
421 430
422 423
422 424
422 425
422 427
422 428
422 431
422 460
423 424
423 426
423 427
423 428
423 429
423 430
423 431
423 432
424 425
424 426
424 427
424 428
424 429
424 430
424 431
424 432
424 433
425 426
425 427
425 428
425 430
425 432
425 433
425 434
426 427
426 428
426 429
426 430
426 431
426 432
426 433
426 434
427 428
427 429
427 430
427 431
427 433
427 435
427 436
428 429
428 431
428 432
428 433
428 434
428 437
428 458
428 481
429 430
429 431
429 432
429 433
429 434
429 435
429 436
429 437
429 438
430 431
430 432
430 433
430 434
430 435
430 436
430 437
430 438
430 439
430 468
431 432
431 433
431 434
431 435
431 436
431 437
431 440
431 462
431 564
431 487
432 433
432 434
432 435
432 436
432 437
432 438
432 439
432 440
432 441
433 434
433 435
433 436
433 437
433 438
433 439
433 440
433 441
433 442
434 435
434 437
434 438
434 439
434 440
434 441
434 442
434 443
435 436
435 438
435 441
435 442
435 443
435 444
435 507
435 521
436 438
436 439
436 440
436 441
436 442
436 443
436 444
436 445
436 548
437 438
437 439
437 440
437 441
437 442
437 443
437 444
437 445
437 446
438 439
438 440
438 441
438 442
438 443
438 444
438 445
438 447
439 440
439 441
439 442
439 443
439 444
439 445
439 446
439 448
440 441
440 442
440 443
440 444
440 445
440 446
440 447
440 448
440 449
441 442
441 444
441 445
441 446
441 447
441 448
441 449
441 450
442 443
442 444
442 445
442 446
442 447
442 448
442 449
442 450
442 451
443 444
443 445
443 446
443 447
443 448
443 449
443 451
443 452
443 549
444 445
444 446
444 447
444 448
444 449
444 450
444 451
444 452
444 564
444 501
445 446
445 447
445 448
445 449
445 450
445 451
445 452
445 453
445 454
445 507
446 447
446 448
446 449
446 450
446 452
446 453
446 454
446 455
446 561
447 448
447 449
447 450
447 451
447 452
447 453
447 454
447 455
447 456
447 462
448 449
448 450
448 451
448 452
448 453
448 454
448 455
448 456
448 457
449 450
449 451
449 453
449 456
449 537
449 461
450 451
450 452
450 453
450 454
450 455
450 456
450 457
450 458
450 459
451 452
451 453
451 454
451 455
451 456
451 457
451 458
451 459
451 460
452 453
452 454
452 455
452 456
452 457
452 458
452 459
452 460
452 461
453 454
453 456
453 457
453 458
453 459
453 460
453 461
453 462
454 455
454 456
454 457
454 458
454 459
454 460
454 461
454 462
454 463
455 456
455 457
455 458
455 459
455 460
455 461
455 462
455 463
455 464
456 457
456 458
456 459
456 460
456 462
456 463
456 464
456 465
456 493
457 458
457 459
457 460
457 461
457 462
457 463
457 464
457 465
457 466
457 482
458 459
458 460
458 461
458 462
458 463
458 464
458 465
458 466
458 467
459 460
459 461
459 462
459 464
459 465
459 466
459 467
459 538
460 461
460 462
460 463
460 464
460 465
460 466
460 467
460 468
460 469
461 462
461 463
461 464
461 465
461 466
461 467
461 468
461 469
461 470
462 465
462 467
462 468
462 469
462 470
462 471
462 490
463 464
463 465
463 466
463 467
463 468
463 469
463 470
463 471
463 472
464 465
464 466
464 467
464 468
464 469
464 470
464 471
464 472
464 473
464 542
465 466
465 467
465 468
465 469
465 470
465 471
465 473
465 478
465 564
466 467
466 468
466 469
466 470
466 471
466 472
466 473
466 474
466 475
467 468
467 469
467 470
467 471
467 472
467 473
467 475
467 476
468 470
468 471
468 472
468 473
468 474
468 475
468 476
468 477
469 470
469 471
469 472
469 473
469 474
469 475
469 476
469 477
469 478
470 471
470 472
470 473
470 475
470 478
470 479
471 472
471 473
471 474
471 475
471 476
471 477
471 478
471 479
471 525
472 473
472 474
472 475
472 476
472 477
472 478
472 479
472 480
472 481
473 474
473 475
473 476
473 477
473 478
473 479
473 480
473 481
473 482
474 475
474 476
474 477
474 478
474 479
474 480
474 482
474 483
475 476
475 477
475 478
475 479
475 480
475 481
475 482
475 483
475 484
476 477
476 478
476 479
476 480
476 481
476 482
476 483
476 484
476 485
477 479
477 480
477 481
477 482
477 483
477 484
477 485
477 486
477 512
478 479
478 480
478 481
478 482
478 483
478 484
478 486
478 487
479 481
479 483
479 484
479 485
479 487
479 488
480 481
480 482
480 483
480 484
480 486
480 487
480 488
480 489
481 482
481 483
481 484
481 485
481 486
481 487
481 488
481 489
481 490
482 483
482 484
482 486
482 487
482 488
482 489
482 490
482 491
483 484
483 485
483 487
483 488
483 489
483 490
483 491
483 492
484 485
484 486
484 487
484 488
484 489
484 490
484 492
484 493
485 486
485 487
485 488
485 489
485 490
485 491
485 493
485 494
486 487
486 488
486 489
486 490
486 491
486 492
486 493
486 494
486 495
487 488
487 489
487 490
487 491
487 492
487 493
487 494
487 495
487 496
488 489
488 490
488 491
488 492
488 493
488 494
488 495
488 496
488 497
488 553
489 490
489 491
489 492
489 493
489 495
489 497
489 498
489 535
490 491
490 492
490 493
490 494
490 496
490 497
490 498
490 499
491 492
491 493
491 494
491 495
491 496
491 497
491 498
491 499
491 529
492 493
492 494
492 495
492 497
492 498
492 500
492 501
493 494
493 495
493 496
493 497
493 498
493 499
493 500
493 501
493 502
494 495
494 496
494 498
494 499
494 500
494 501
494 502
494 503
494 542
495 496
495 497
495 498
495 499
495 500
495 502
495 504
496 497
496 498
496 500
496 501
496 502
496 503
496 504
496 564
497 498
497 499
497 500
497 501
497 502
497 503
497 504
497 505
497 506
498 499
498 500
498 502
498 503
498 504
498 505
498 506
498 507
499 500
499 501
499 502
499 503
499 504
499 505
499 506
499 507
499 508
500 501
500 502
500 503
500 504
500 505
500 507
500 508
500 509
501 502
501 503
501 504
501 505
501 506
501 507
501 508
501 509
501 510
502 503
502 504
502 505
502 506
502 507
502 508
502 509
502 510
502 511
503 505
503 506
503 507
503 508
503 509
503 510
503 511
503 512
504 505
504 506
504 507
504 508
504 510
504 511
504 512
504 513
505 506
505 507
505 508
505 509
505 510
505 511
505 512
505 513
505 514
506 507
506 508
506 510
506 511
506 512
506 513
506 515
507 508
507 510
507 511
507 512
507 513
507 514
507 515
507 516
508 509
508 510
508 511
508 512
508 513
508 514
508 515
508 516
508 517
509 510
509 511
509 512
509 513
509 514
509 515
509 516
509 517
509 518
510 511
510 512
510 513
510 514
510 515
510 516
510 517
510 518
510 519
511 513
511 514
511 515
511 516
511 517
511 518
511 519
511 520
512 513
512 514
512 516
512 517
512 518
512 520
512 521
512 525
513 514
513 515
513 516
513 517
513 518
513 519
513 520
513 521
513 522
514 515
514 516
514 517
514 518
514 519
514 520
514 521
514 522
514 523
515 516
515 517
515 518
515 519
515 520
515 521
515 522
515 523
515 524
516 517
516 518
516 519
516 520
516 521
516 522
516 524
516 525
516 540
517 518
517 519
517 520
517 521
517 523
517 525
517 526
518 519
518 522
518 523
518 524
518 525
518 526
518 527
519 520
519 521
519 522
519 524
519 525
519 526
519 527
519 528
520 521
520 522
520 523
520 524
520 525
520 527
520 528
520 529
521 522
521 523
521 524
521 525
521 526
521 528
521 529
521 530
522 524
522 525
522 526
522 527
522 528
522 529
522 530
523 524
523 525
523 527
523 528
523 529
523 530
523 531
523 535
524 525
524 526
524 527
524 529
524 530
524 531
524 532
524 533
525 528
525 530
525 532
525 533
525 534
525 555
526 527
526 528
526 529
526 531
526 532
526 533
526 534
526 535
527 528
527 530
527 532
527 534
527 535
527 536
528 530
528 531
528 532
528 533
528 534
528 535
528 536
528 537
529 530
529 532
529 533
529 534
529 535
529 536
529 537
529 538
529 547
530 531
530 532
530 533
530 534
530 535
530 536
530 538
530 539
531 532
531 533
531 534
531 536
531 537
531 538
531 539
531 540
532 533
532 534
532 535
532 536
532 537
532 538
532 539
532 540
532 541
533 534
533 535
533 536
533 537
533 538
533 539
533 541
533 542
534 535
534 537
534 538
534 539
534 541
534 543
535 536
535 537
535 541
535 542
535 543
535 544
536 537
536 538
536 539
536 540
536 541
536 542
536 543
536 544
536 545
537 538
537 539
537 540
537 541
537 542
537 543
537 544
537 545
537 546
538 539
538 540
538 541
538 542
538 543
538 544
538 545
538 546
538 547
539 540
539 542
539 543
539 544
539 545
539 546
539 548
540 541
540 542
540 543
540 544
540 545
540 546
540 548
540 549
541 542
541 543
541 544
541 545
541 546
541 547
541 548
541 549
541 550
542 543
542 544
542 547
542 548
542 549
542 550
542 551
543 544
543 545
543 546
543 547
543 548
543 549
543 551
543 552
544 545
544 546
544 547
544 548
544 549
544 551
544 552
544 553
545 546
545 547
545 548
545 549
545 550
545 551
545 552
545 553
545 554
546 547
546 548
546 549
546 550
546 551
546 552
546 553
546 554
546 555
547 548
547 550
547 551
547 552
547 553
547 555
547 556
548 549
548 550
548 551
548 552
548 553
548 554
548 555
548 556
548 557
549 550
549 551
549 552
549 553
549 554
549 555
549 556
549 557
550 551
550 552
550 553
550 554
550 555
550 557
550 558
550 559
551 552
551 553
551 554
551 555
551 557
551 558
551 559
551 560
552 553
552 554
552 555
552 556
552 557
552 558
552 559
552 560
552 561
553 554
553 555
553 556
553 557
553 560
553 561
553 562
554 555
554 556
554 557
554 558
554 559
554 560
554 561
554 562
555 556
555 557
555 558
555 559
555 560
555 561
555 562
556 557
556 558
556 560
556 561
556 562
556 563
556 564
557 558
557 559
557 560
557 561
557 562
557 563
557 564
558 559
558 560
558 561
558 562
558 563
558 564
559 560
559 561
559 562
559 563
559 564
560 561
560 562
560 563
560 564
561 564
562 563
562 564
563 564
